要求ID	書番	シート	シート名	区分	シート内行	HTML行	ブロックID	ブロック見出し	カスタマイズ	同ブロック	表ヘッダ	要求文
sheet-1-R001	0416	sheet-1	表紙	本文	2	746	sheet-1-B001			sheet-1-R002,sheet-1-R003,sheet-1-R004,sheet-1-R005,sheet-1-R006,sheet-1-R007,sheet-1-R008		晴れる屋様
sheet-1-R002	0416	sheet-1	表紙	本文	3	747	sheet-1-B001			sheet-1-R001,sheet-1-R003,sheet-1-R004,sheet-1-R005,sheet-1-R006,sheet-1-R007,sheet-1-R008		サイトリニューアル
sheet-1-R003	0416	sheet-1	表紙	本文	4	748	sheet-1-B001			sheet-1-R001,sheet-1-R002,sheet-1-R004,sheet-1-R005,sheet-1-R006,sheet-1-R007,sheet-1-R008		基本設計仕様書
sheet-1-R004	0416	sheet-1	表紙	本文	5	749	sheet-1-B001			sheet-1-R001,sheet-1-R002,sheet-1-R003,sheet-1-R005,sheet-1-R006,sheet-1-R007,sheet-1-R008		インフラ バッチ機能
sheet-1-R005	0416	sheet-1	表紙	本文	6	750	sheet-1-B001			sheet-1-R001,sheet-1-R002,sheet-1-R003,sheet-1-R004,sheet-1-R006,sheet-1-R007,sheet-1-R008		"Ver	改訂内容	改訂者	改訂日"
sheet-1-R006	0416	sheet-1	表紙	本文	7	751	sheet-1-B001			sheet-1-R001,sheet-1-R002,sheet-1-R003,sheet-1-R004,sheet-1-R005,sheet-1-R007,sheet-1-R008		"0.1	新規作成	高久	2025-08-12"
sheet-1-R007	0416	sheet-1	表紙	本文	8	752	sheet-1-B001			sheet-1-R001,sheet-1-R002,sheet-1-R003,sheet-1-R004,sheet-1-R005,sheet-1-R006,sheet-1-R008		"0.2	シート追加・一部修正	高久	2025-09-19"
sheet-1-R008	0416	sheet-1	表紙	本文	9	753	sheet-1-B001			sheet-1-R001,sheet-1-R002,sheet-1-R003,sheet-1-R004,sheet-1-R005,sheet-1-R006,sheet-1-R007		"0.3	一部修正	栗野	2026-06-19"
sheet-2-R001	0416	sheet-2	目次	本文	2	771	sheet-2-B002			sheet-2-R002,sheet-2-R003,sheet-2-R004,sheet-2-R005,sheet-2-R006,sheet-2-R007,sheet-2-R008,sheet-2-R009,sheet-2-R010,sheet-2-R011,sheet-2-R012,sheet-2-R013,sheet-2-R014		目次
sheet-2-R002	0416	sheet-2	目次	本文	3	772	sheet-2-B002			sheet-2-R001,sheet-2-R003,sheet-2-R004,sheet-2-R005,sheet-2-R006,sheet-2-R007,sheet-2-R008,sheet-2-R009,sheet-2-R010,sheet-2-R011,sheet-2-R012,sheet-2-R013,sheet-2-R014		バッチ設計
sheet-2-R003	0416	sheet-2	目次	本文	4	773	sheet-2-B002			sheet-2-R001,sheet-2-R002,sheet-2-R004,sheet-2-R005,sheet-2-R006,sheet-2-R007,sheet-2-R008,sheet-2-R009,sheet-2-R010,sheet-2-R011,sheet-2-R012,sheet-2-R013,sheet-2-R014		B16-01 WordPress主要ファイルからS3バケットへ同期
sheet-2-R004	0416	sheet-2	目次	本文	5	774	sheet-2-B002			sheet-2-R001,sheet-2-R002,sheet-2-R003,sheet-2-R005,sheet-2-R006,sheet-2-R007,sheet-2-R008,sheet-2-R009,sheet-2-R010,sheet-2-R011,sheet-2-R012,sheet-2-R013,sheet-2-R014		B16-02 S3からWP主要ファイル同期(記事管理サーバ用)
sheet-2-R005	0416	sheet-2	目次	本文	6	775	sheet-2-B002			sheet-2-R001,sheet-2-R002,sheet-2-R003,sheet-2-R004,sheet-2-R006,sheet-2-R007,sheet-2-R008,sheet-2-R009,sheet-2-R010,sheet-2-R011,sheet-2-R012,sheet-2-R013,sheet-2-R014		B16-03 S3からWP主要ファイル同期(記事サーバ1用)
sheet-2-R006	0416	sheet-2	目次	本文	7	776	sheet-2-B002			sheet-2-R001,sheet-2-R002,sheet-2-R003,sheet-2-R004,sheet-2-R005,sheet-2-R007,sheet-2-R008,sheet-2-R009,sheet-2-R010,sheet-2-R011,sheet-2-R012,sheet-2-R013,sheet-2-R014		B16-04 S3からWP主要ファイル同期(記事サーバ2用)
sheet-2-R007	0416	sheet-2	目次	本文	8	777	sheet-2-B002			sheet-2-R001,sheet-2-R002,sheet-2-R003,sheet-2-R004,sheet-2-R005,sheet-2-R006,sheet-2-R008,sheet-2-R009,sheet-2-R010,sheet-2-R011,sheet-2-R012,sheet-2-R013,sheet-2-R014		B16-05 WAF不正アクセスログ集計処理
sheet-2-R008	0416	sheet-2	目次	本文	9	778	sheet-2-B002			sheet-2-R001,sheet-2-R002,sheet-2-R003,sheet-2-R004,sheet-2-R005,sheet-2-R006,sheet-2-R007,sheet-2-R009,sheet-2-R010,sheet-2-R011,sheet-2-R012,sheet-2-R013,sheet-2-R014		B16-06 月次商品情報スナップショット
sheet-2-R009	0416	sheet-2	目次	本文	10	779	sheet-2-B002			sheet-2-R001,sheet-2-R002,sheet-2-R003,sheet-2-R004,sheet-2-R005,sheet-2-R006,sheet-2-R007,sheet-2-R008,sheet-2-R010,sheet-2-R011,sheet-2-R012,sheet-2-R013,sheet-2-R014		B16-07 Redash用データベース作成
sheet-2-R010	0416	sheet-2	目次	本文	11	780	sheet-2-B002			sheet-2-R001,sheet-2-R002,sheet-2-R003,sheet-2-R004,sheet-2-R005,sheet-2-R006,sheet-2-R007,sheet-2-R008,sheet-2-R009,sheet-2-R011,sheet-2-R012,sheet-2-R013,sheet-2-R014		B16-08 EC-CUBE 同期ディレクトリ処理バッチ
sheet-2-R011	0416	sheet-2	目次	本文	12	781	sheet-2-B002			sheet-2-R001,sheet-2-R002,sheet-2-R003,sheet-2-R004,sheet-2-R005,sheet-2-R006,sheet-2-R007,sheet-2-R008,sheet-2-R009,sheet-2-R010,sheet-2-R012,sheet-2-R013,sheet-2-R014		B16-09 サイトマップ生成処理
sheet-2-R012	0416	sheet-2	目次	本文	13	782	sheet-2-B002			sheet-2-R001,sheet-2-R002,sheet-2-R003,sheet-2-R004,sheet-2-R005,sheet-2-R006,sheet-2-R007,sheet-2-R008,sheet-2-R009,sheet-2-R010,sheet-2-R011,sheet-2-R013,sheet-2-R014		B16-10 ステージングデータベース保守バッチ
sheet-2-R013	0416	sheet-2	目次	本文	14	783	sheet-2-B002			sheet-2-R001,sheet-2-R002,sheet-2-R003,sheet-2-R004,sheet-2-R005,sheet-2-R006,sheet-2-R007,sheet-2-R008,sheet-2-R009,sheet-2-R010,sheet-2-R011,sheet-2-R012,sheet-2-R014		B16-11 S3画像サイズチェック処理
sheet-2-R014	0416	sheet-2	目次	本文	15	784	sheet-2-B002			sheet-2-R001,sheet-2-R002,sheet-2-R003,sheet-2-R004,sheet-2-R005,sheet-2-R006,sheet-2-R007,sheet-2-R008,sheet-2-R009,sheet-2-R010,sheet-2-R011,sheet-2-R012,sheet-2-R013		B16-12 データベースデッドロック感知
sheet-3-R001	0416	sheet-3	WordPress主要ファイルからS3バケットへ同期	機能仕様	25	817	sheet-3-B003			sheet-3-R002,sheet-3-R003,sheet-3-R004,sheet-3-R005		記事管理サーバのWordpress主要ファイルをS3へ転送・同期
sheet-3-R002	0416	sheet-3	WordPress主要ファイルからS3バケットへ同期	機能仕様	26	818	sheet-3-B003			sheet-3-R001,sheet-3-R003,sheet-3-R004,sheet-3-R005		機能
sheet-3-R003	0416	sheet-3	WordPress主要ファイルからS3バケットへ同期	機能仕様	27	819	sheet-3-B003			sheet-3-R001,sheet-3-R002,sheet-3-R004,sheet-3-R005		記事管理サーバのWordpressファイルにあるファイル群をS3バケットに保存されているWordpressファイルに転送・同期する
sheet-3-R004	0416	sheet-3	WordPress主要ファイルからS3バケットへ同期	機能仕様	28	820	sheet-3-B003			sheet-3-R001,sheet-3-R002,sheet-3-R003,sheet-3-R005		実行環境
sheet-3-R005	0416	sheet-3	WordPress主要ファイルからS3バケットへ同期	機能仕様	29	821	sheet-3-B003			sheet-3-R001,sheet-3-R002,sheet-3-R003,sheet-3-R004		記事(Wordpress)用EC2インスタンス
sheet-3-R006	0416	sheet-3	WordPress主要ファイルからS3バケットへ同期	機能仕様	31	823	sheet-3-B004			sheet-3-R007,sheet-3-R008,sheet-3-R009,sheet-3-R010,sheet-3-R011,sheet-3-R012,sheet-3-R013,sheet-3-R014,sheet-3-R015,sheet-3-R016,sheet-3-R017,sheet-3-R018,sheet-3-R019,sheet-3-R020,sheet-3-R021,sheet-3-R022,sheet-3-R023		同期対象
sheet-3-R007	0416	sheet-3	WordPress主要ファイルからS3バケットへ同期	機能仕様	32	824	sheet-3-B004			sheet-3-R006,sheet-3-R008,sheet-3-R009,sheet-3-R010,sheet-3-R011,sheet-3-R012,sheet-3-R013,sheet-3-R014,sheet-3-R015,sheet-3-R016,sheet-3-R017,sheet-3-R018,sheet-3-R019,sheet-3-R020,sheet-3-R021,sheet-3-R022,sheet-3-R023		・同期対象は下記ディレクトリ内にある全ファイルを同期を行う
sheet-3-R008	0416	sheet-3	WordPress主要ファイルからS3バケットへ同期	機能仕様	33	825	sheet-3-B004			sheet-3-R006,sheet-3-R007,sheet-3-R009,sheet-3-R010,sheet-3-R011,sheet-3-R012,sheet-3-R013,sheet-3-R014,sheet-3-R015,sheet-3-R016,sheet-3-R017,sheet-3-R018,sheet-3-R019,sheet-3-R020,sheet-3-R021,sheet-3-R022,sheet-3-R023		[Wordpress Rootディレクトリ]/wp-content/themes
sheet-3-R009	0416	sheet-3	WordPress主要ファイルからS3バケットへ同期	機能仕様	34	826	sheet-3-B004			sheet-3-R006,sheet-3-R007,sheet-3-R008,sheet-3-R010,sheet-3-R011,sheet-3-R012,sheet-3-R013,sheet-3-R014,sheet-3-R015,sheet-3-R016,sheet-3-R017,sheet-3-R018,sheet-3-R019,sheet-3-R020,sheet-3-R021,sheet-3-R022,sheet-3-R023		Wordpressのテーマ(晴れる屋の記事ブログページデザインなど)が保存されているディレクトリ
sheet-3-R010	0416	sheet-3	WordPress主要ファイルからS3バケットへ同期	機能仕様	35	827	sheet-3-B004			sheet-3-R006,sheet-3-R007,sheet-3-R008,sheet-3-R009,sheet-3-R011,sheet-3-R012,sheet-3-R013,sheet-3-R014,sheet-3-R015,sheet-3-R016,sheet-3-R017,sheet-3-R018,sheet-3-R019,sheet-3-R020,sheet-3-R021,sheet-3-R022,sheet-3-R023		[Wordpress Rootディレクトリ]/wp-content/plugins
sheet-3-R011	0416	sheet-3	WordPress主要ファイルからS3バケットへ同期	機能仕様	36	828	sheet-3-B004			sheet-3-R006,sheet-3-R007,sheet-3-R008,sheet-3-R009,sheet-3-R010,sheet-3-R012,sheet-3-R013,sheet-3-R014,sheet-3-R015,sheet-3-R016,sheet-3-R017,sheet-3-R018,sheet-3-R019,sheet-3-R020,sheet-3-R021,sheet-3-R022,sheet-3-R023		Wordpressで使用されているプラグイン(記事画像をS3に保存するプラグインなど)が保存されているディレクトリ
sheet-3-R012	0416	sheet-3	WordPress主要ファイルからS3バケットへ同期	機能仕様	37	829	sheet-3-B004			sheet-3-R006,sheet-3-R007,sheet-3-R008,sheet-3-R009,sheet-3-R010,sheet-3-R011,sheet-3-R013,sheet-3-R014,sheet-3-R015,sheet-3-R016,sheet-3-R017,sheet-3-R018,sheet-3-R019,sheet-3-R020,sheet-3-R021,sheet-3-R022,sheet-3-R023		・同期の際、下記のような条件で同期が行われる
sheet-3-R013	0416	sheet-3	WordPress主要ファイルからS3バケットへ同期	機能仕様	38	830	sheet-3-B004			sheet-3-R006,sheet-3-R007,sheet-3-R008,sheet-3-R009,sheet-3-R010,sheet-3-R011,sheet-3-R012,sheet-3-R014,sheet-3-R015,sheet-3-R016,sheet-3-R017,sheet-3-R018,sheet-3-R019,sheet-3-R020,sheet-3-R021,sheet-3-R022,sheet-3-R023		・ファイルやディレクトリの作成・更新日(タイムスタンプ)の同期チェック(exact-timestamps)
sheet-3-R014	0416	sheet-3	WordPress主要ファイルからS3バケットへ同期	機能仕様	39	831	sheet-3-B004			sheet-3-R006,sheet-3-R007,sheet-3-R008,sheet-3-R009,sheet-3-R010,sheet-3-R011,sheet-3-R012,sheet-3-R013,sheet-3-R015,sheet-3-R016,sheet-3-R017,sheet-3-R018,sheet-3-R019,sheet-3-R020,sheet-3-R021,sheet-3-R022,sheet-3-R023		ローカルとS3のファイルで作成・更新日(タイムスタンプ)が一致しないときにはファイルの同期が行われる
sheet-3-R015	0416	sheet-3	WordPress主要ファイルからS3バケットへ同期	機能仕様	40	832	sheet-3-B004			sheet-3-R006,sheet-3-R007,sheet-3-R008,sheet-3-R009,sheet-3-R010,sheet-3-R011,sheet-3-R012,sheet-3-R013,sheet-3-R014,sheet-3-R016,sheet-3-R017,sheet-3-R018,sheet-3-R019,sheet-3-R020,sheet-3-R021,sheet-3-R022,sheet-3-R023		・ファイルやディレクトリが削除された場合の同期(delete)
sheet-3-R016	0416	sheet-3	WordPress主要ファイルからS3バケットへ同期	機能仕様	41	833	sheet-3-B004			sheet-3-R006,sheet-3-R007,sheet-3-R008,sheet-3-R009,sheet-3-R010,sheet-3-R011,sheet-3-R012,sheet-3-R013,sheet-3-R014,sheet-3-R015,sheet-3-R017,sheet-3-R018,sheet-3-R019,sheet-3-R020,sheet-3-R021,sheet-3-R022,sheet-3-R023		ローカル内のディレクトリもしくはファイルがない場合、同様にS3内にあるファイル・ディレクトリが削除される
sheet-3-R017	0416	sheet-3	WordPress主要ファイルからS3バケットへ同期	機能仕様	42	834	sheet-3-B004			sheet-3-R006,sheet-3-R007,sheet-3-R008,sheet-3-R009,sheet-3-R010,sheet-3-R011,sheet-3-R012,sheet-3-R013,sheet-3-R014,sheet-3-R015,sheet-3-R016,sheet-3-R018,sheet-3-R019,sheet-3-R020,sheet-3-R021,sheet-3-R022,sheet-3-R023		実行トリガー　Crontab　実行タイミング　毎分
sheet-3-R018	0416	sheet-3	WordPress主要ファイルからS3バケットへ同期	機能仕様	43	835	sheet-3-B004			sheet-3-R006,sheet-3-R007,sheet-3-R008,sheet-3-R009,sheet-3-R010,sheet-3-R011,sheet-3-R012,sheet-3-R013,sheet-3-R014,sheet-3-R015,sheet-3-R016,sheet-3-R017,sheet-3-R019,sheet-3-R020,sheet-3-R021,sheet-3-R022,sheet-3-R023		入力データ元　記事管理サーバ内Wordpress該当ディレクトリ　出力先(フォーマット)　AWS S3
sheet-3-R019	0416	sheet-3	WordPress主要ファイルからS3バケットへ同期	機能仕様	44	836	sheet-3-B004			sheet-3-R006,sheet-3-R007,sheet-3-R008,sheet-3-R009,sheet-3-R010,sheet-3-R011,sheet-3-R012,sheet-3-R013,sheet-3-R014,sheet-3-R015,sheet-3-R016,sheet-3-R017,sheet-3-R018,sheet-3-R020,sheet-3-R021,sheet-3-R022,sheet-3-R023		入力データ詳細
sheet-3-R020	0416	sheet-3	WordPress主要ファイルからS3バケットへ同期	機能仕様	45	837	sheet-3-B004			sheet-3-R006,sheet-3-R007,sheet-3-R008,sheet-3-R009,sheet-3-R010,sheet-3-R011,sheet-3-R012,sheet-3-R013,sheet-3-R014,sheet-3-R015,sheet-3-R016,sheet-3-R017,sheet-3-R018,sheet-3-R019,sheet-3-R021,sheet-3-R022,sheet-3-R023		入力データ検索条件
sheet-3-R021	0416	sheet-3	WordPress主要ファイルからS3バケットへ同期	機能仕様	46	838	sheet-3-B004			sheet-3-R006,sheet-3-R007,sheet-3-R008,sheet-3-R009,sheet-3-R010,sheet-3-R011,sheet-3-R012,sheet-3-R013,sheet-3-R014,sheet-3-R015,sheet-3-R016,sheet-3-R017,sheet-3-R018,sheet-3-R019,sheet-3-R020,sheet-3-R022,sheet-3-R023		項目名　条件　備考
sheet-3-R022	0416	sheet-3	WordPress主要ファイルからS3バケットへ同期	機能仕様	47	839	sheet-3-B004			sheet-3-R006,sheet-3-R007,sheet-3-R008,sheet-3-R009,sheet-3-R010,sheet-3-R011,sheet-3-R012,sheet-3-R013,sheet-3-R014,sheet-3-R015,sheet-3-R016,sheet-3-R017,sheet-3-R018,sheet-3-R019,sheet-3-R020,sheet-3-R021,sheet-3-R023		実行結果詳細  ※主にDBの登録・更新結果について記載
sheet-3-R023	0416	sheet-3	WordPress主要ファイルからS3バケットへ同期	機能仕様	48	840	sheet-3-B004			sheet-3-R006,sheet-3-R007,sheet-3-R008,sheet-3-R009,sheet-3-R010,sheet-3-R011,sheet-3-R012,sheet-3-R013,sheet-3-R014,sheet-3-R015,sheet-3-R016,sheet-3-R017,sheet-3-R018,sheet-3-R019,sheet-3-R020,sheet-3-R021,sheet-3-R022		エラーハンドリング
sheet-4-R001	0416	sheet-4	S3からWP主要ファイル同期(記事管理サーバ用)	機能仕様	26	868	sheet-4-B005			sheet-4-R002,sheet-4-R003,sheet-4-R004,sheet-4-R005,sheet-4-R006		S3に保存されているWordpressファイルをWordpressサーバのWordpressファイルへ転送・同期
sheet-4-R002	0416	sheet-4	S3からWP主要ファイル同期(記事管理サーバ用)	機能仕様	27	869	sheet-4-B005			sheet-4-R001,sheet-4-R003,sheet-4-R004,sheet-4-R005,sheet-4-R006		機能
sheet-4-R003	0416	sheet-4	S3からWP主要ファイル同期(記事管理サーバ用)	機能仕様	28	870	sheet-4-B005			sheet-4-R001,sheet-4-R002,sheet-4-R004,sheet-4-R005,sheet-4-R006		機能No. B16-1「WordPress主要ファイルからS3バケットへ同期」でS3バケット保存されているWordpressファイルを
sheet-4-R004	0416	sheet-4	S3からWP主要ファイル同期(記事管理サーバ用)	機能仕様	29	871	sheet-4-B005			sheet-4-R001,sheet-4-R002,sheet-4-R003,sheet-4-R005,sheet-4-R006		記事管理サーバ内にあるWordpressファイルに転送・同期する
sheet-4-R005	0416	sheet-4	S3からWP主要ファイル同期(記事管理サーバ用)	機能仕様	30	872	sheet-4-B005			sheet-4-R001,sheet-4-R002,sheet-4-R003,sheet-4-R004,sheet-4-R006		実行環境
sheet-4-R006	0416	sheet-4	S3からWP主要ファイル同期(記事管理サーバ用)	機能仕様	31	873	sheet-4-B005			sheet-4-R001,sheet-4-R002,sheet-4-R003,sheet-4-R004,sheet-4-R005		記事(Wordpress)用EC2インスタンス
sheet-4-R007	0416	sheet-4	S3からWP主要ファイル同期(記事管理サーバ用)	機能仕様	33	875	sheet-4-B006			sheet-4-R008,sheet-4-R009,sheet-4-R010,sheet-4-R011,sheet-4-R012,sheet-4-R013,sheet-4-R014,sheet-4-R015,sheet-4-R016,sheet-4-R017,sheet-4-R018,sheet-4-R019,sheet-4-R020,sheet-4-R021,sheet-4-R022,sheet-4-R023,sheet-4-R024		同期対象
sheet-4-R008	0416	sheet-4	S3からWP主要ファイル同期(記事管理サーバ用)	機能仕様	34	876	sheet-4-B006			sheet-4-R007,sheet-4-R009,sheet-4-R010,sheet-4-R011,sheet-4-R012,sheet-4-R013,sheet-4-R014,sheet-4-R015,sheet-4-R016,sheet-4-R017,sheet-4-R018,sheet-4-R019,sheet-4-R020,sheet-4-R021,sheet-4-R022,sheet-4-R023,sheet-4-R024		・同期対象は下記ディレクトリ内にある全ファイルを同期を行う
sheet-4-R009	0416	sheet-4	S3からWP主要ファイル同期(記事管理サーバ用)	機能仕様	35	877	sheet-4-B006			sheet-4-R007,sheet-4-R008,sheet-4-R010,sheet-4-R011,sheet-4-R012,sheet-4-R013,sheet-4-R014,sheet-4-R015,sheet-4-R016,sheet-4-R017,sheet-4-R018,sheet-4-R019,sheet-4-R020,sheet-4-R021,sheet-4-R022,sheet-4-R023,sheet-4-R024		[Wordpress Rootディレクトリ]/wp-content/themes
sheet-4-R010	0416	sheet-4	S3からWP主要ファイル同期(記事管理サーバ用)	機能仕様	36	878	sheet-4-B006			sheet-4-R007,sheet-4-R008,sheet-4-R009,sheet-4-R011,sheet-4-R012,sheet-4-R013,sheet-4-R014,sheet-4-R015,sheet-4-R016,sheet-4-R017,sheet-4-R018,sheet-4-R019,sheet-4-R020,sheet-4-R021,sheet-4-R022,sheet-4-R023,sheet-4-R024		Wordpressのテーマ(晴れる屋の記事ブログページデザインなど)が保存されているディレクトリ
sheet-4-R011	0416	sheet-4	S3からWP主要ファイル同期(記事管理サーバ用)	機能仕様	37	879	sheet-4-B006			sheet-4-R007,sheet-4-R008,sheet-4-R009,sheet-4-R010,sheet-4-R012,sheet-4-R013,sheet-4-R014,sheet-4-R015,sheet-4-R016,sheet-4-R017,sheet-4-R018,sheet-4-R019,sheet-4-R020,sheet-4-R021,sheet-4-R022,sheet-4-R023,sheet-4-R024		[Wordpress Rootディレクトリ]/wp-content/plugins
sheet-4-R012	0416	sheet-4	S3からWP主要ファイル同期(記事管理サーバ用)	機能仕様	38	880	sheet-4-B006			sheet-4-R007,sheet-4-R008,sheet-4-R009,sheet-4-R010,sheet-4-R011,sheet-4-R013,sheet-4-R014,sheet-4-R015,sheet-4-R016,sheet-4-R017,sheet-4-R018,sheet-4-R019,sheet-4-R020,sheet-4-R021,sheet-4-R022,sheet-4-R023,sheet-4-R024		Wordpressで使用されているプラグイン(記事画像をS3に保存するプラグインなど)が保存されているディレクトリ
sheet-4-R013	0416	sheet-4	S3からWP主要ファイル同期(記事管理サーバ用)	機能仕様	39	881	sheet-4-B006			sheet-4-R007,sheet-4-R008,sheet-4-R009,sheet-4-R010,sheet-4-R011,sheet-4-R012,sheet-4-R014,sheet-4-R015,sheet-4-R016,sheet-4-R017,sheet-4-R018,sheet-4-R019,sheet-4-R020,sheet-4-R021,sheet-4-R022,sheet-4-R023,sheet-4-R024		・同期の際、下記のような条件で同期が行われる
sheet-4-R014	0416	sheet-4	S3からWP主要ファイル同期(記事管理サーバ用)	機能仕様	40	882	sheet-4-B006			sheet-4-R007,sheet-4-R008,sheet-4-R009,sheet-4-R010,sheet-4-R011,sheet-4-R012,sheet-4-R013,sheet-4-R015,sheet-4-R016,sheet-4-R017,sheet-4-R018,sheet-4-R019,sheet-4-R020,sheet-4-R021,sheet-4-R022,sheet-4-R023,sheet-4-R024		・ファイルやディレクトリの作成・更新日(タイムスタンプ)の同期チェック(exact-timestamps)
sheet-4-R015	0416	sheet-4	S3からWP主要ファイル同期(記事管理サーバ用)	機能仕様	41	883	sheet-4-B006			sheet-4-R007,sheet-4-R008,sheet-4-R009,sheet-4-R010,sheet-4-R011,sheet-4-R012,sheet-4-R013,sheet-4-R014,sheet-4-R016,sheet-4-R017,sheet-4-R018,sheet-4-R019,sheet-4-R020,sheet-4-R021,sheet-4-R022,sheet-4-R023,sheet-4-R024		ローカルとS3のファイルで作成・更新日(タイムスタンプ)が一致しないときにはファイルの同期が行われる
sheet-4-R016	0416	sheet-4	S3からWP主要ファイル同期(記事管理サーバ用)	機能仕様	42	884	sheet-4-B006			sheet-4-R007,sheet-4-R008,sheet-4-R009,sheet-4-R010,sheet-4-R011,sheet-4-R012,sheet-4-R013,sheet-4-R014,sheet-4-R015,sheet-4-R017,sheet-4-R018,sheet-4-R019,sheet-4-R020,sheet-4-R021,sheet-4-R022,sheet-4-R023,sheet-4-R024		・ファイルやディレクトリが削除された場合の同期(delete)
sheet-4-R017	0416	sheet-4	S3からWP主要ファイル同期(記事管理サーバ用)	機能仕様	43	885	sheet-4-B006			sheet-4-R007,sheet-4-R008,sheet-4-R009,sheet-4-R010,sheet-4-R011,sheet-4-R012,sheet-4-R013,sheet-4-R014,sheet-4-R015,sheet-4-R016,sheet-4-R018,sheet-4-R019,sheet-4-R020,sheet-4-R021,sheet-4-R022,sheet-4-R023,sheet-4-R024		S3のディレクトリもしくはファイルがない場合、同様にローカル内にあるファイル・ディレクトリが削除される
sheet-4-R018	0416	sheet-4	S3からWP主要ファイル同期(記事管理サーバ用)	機能仕様	44	886	sheet-4-B006			sheet-4-R007,sheet-4-R008,sheet-4-R009,sheet-4-R010,sheet-4-R011,sheet-4-R012,sheet-4-R013,sheet-4-R014,sheet-4-R015,sheet-4-R016,sheet-4-R017,sheet-4-R019,sheet-4-R020,sheet-4-R021,sheet-4-R022,sheet-4-R023,sheet-4-R024		実行トリガー　Crontab　実行タイミング　毎日0:00
sheet-4-R019	0416	sheet-4	S3からWP主要ファイル同期(記事管理サーバ用)	機能仕様	45	887	sheet-4-B006			sheet-4-R007,sheet-4-R008,sheet-4-R009,sheet-4-R010,sheet-4-R011,sheet-4-R012,sheet-4-R013,sheet-4-R014,sheet-4-R015,sheet-4-R016,sheet-4-R017,sheet-4-R018,sheet-4-R020,sheet-4-R021,sheet-4-R022,sheet-4-R023,sheet-4-R024		入力データ元　AWS S3　出力先(フォーマット)　記事管理サーバ内Wordpress該当ディレクトリ
sheet-4-R020	0416	sheet-4	S3からWP主要ファイル同期(記事管理サーバ用)	機能仕様	46	888	sheet-4-B006			sheet-4-R007,sheet-4-R008,sheet-4-R009,sheet-4-R010,sheet-4-R011,sheet-4-R012,sheet-4-R013,sheet-4-R014,sheet-4-R015,sheet-4-R016,sheet-4-R017,sheet-4-R018,sheet-4-R019,sheet-4-R021,sheet-4-R022,sheet-4-R023,sheet-4-R024		入力データ詳細
sheet-4-R021	0416	sheet-4	S3からWP主要ファイル同期(記事管理サーバ用)	機能仕様	47	889	sheet-4-B006			sheet-4-R007,sheet-4-R008,sheet-4-R009,sheet-4-R010,sheet-4-R011,sheet-4-R012,sheet-4-R013,sheet-4-R014,sheet-4-R015,sheet-4-R016,sheet-4-R017,sheet-4-R018,sheet-4-R019,sheet-4-R020,sheet-4-R022,sheet-4-R023,sheet-4-R024		入力データ検索条件
sheet-4-R022	0416	sheet-4	S3からWP主要ファイル同期(記事管理サーバ用)	機能仕様	48	890	sheet-4-B006			sheet-4-R007,sheet-4-R008,sheet-4-R009,sheet-4-R010,sheet-4-R011,sheet-4-R012,sheet-4-R013,sheet-4-R014,sheet-4-R015,sheet-4-R016,sheet-4-R017,sheet-4-R018,sheet-4-R019,sheet-4-R020,sheet-4-R021,sheet-4-R023,sheet-4-R024		項目名　条件　備考
sheet-4-R023	0416	sheet-4	S3からWP主要ファイル同期(記事管理サーバ用)	機能仕様	49	891	sheet-4-B006			sheet-4-R007,sheet-4-R008,sheet-4-R009,sheet-4-R010,sheet-4-R011,sheet-4-R012,sheet-4-R013,sheet-4-R014,sheet-4-R015,sheet-4-R016,sheet-4-R017,sheet-4-R018,sheet-4-R019,sheet-4-R020,sheet-4-R021,sheet-4-R022,sheet-4-R024		実行結果詳細  ※主にDBの登録・更新結果について記載
sheet-4-R024	0416	sheet-4	S3からWP主要ファイル同期(記事管理サーバ用)	機能仕様	50	892	sheet-4-B006			sheet-4-R007,sheet-4-R008,sheet-4-R009,sheet-4-R010,sheet-4-R011,sheet-4-R012,sheet-4-R013,sheet-4-R014,sheet-4-R015,sheet-4-R016,sheet-4-R017,sheet-4-R018,sheet-4-R019,sheet-4-R020,sheet-4-R021,sheet-4-R022,sheet-4-R023		エラーハンドリング
sheet-5-R001	0416	sheet-5	S3からWP主要ファイル同期(記事サーバ1用)	機能仕様	26	919	sheet-5-B007			sheet-5-R002,sheet-5-R003,sheet-5-R004,sheet-5-R005,sheet-5-R006		S3に保存されているWordpressファイルをWordpressサーバのWordpressファイルへ転送・同期
sheet-5-R002	0416	sheet-5	S3からWP主要ファイル同期(記事サーバ1用)	機能仕様	27	920	sheet-5-B007			sheet-5-R001,sheet-5-R003,sheet-5-R004,sheet-5-R005,sheet-5-R006		機能
sheet-5-R003	0416	sheet-5	S3からWP主要ファイル同期(記事サーバ1用)	機能仕様	28	921	sheet-5-B007			sheet-5-R001,sheet-5-R002,sheet-5-R004,sheet-5-R005,sheet-5-R006		機能No. B16-1「WordPress主要ファイルからS3バケットへ同期」でS3バケット保存されているWordpressファイルを
sheet-5-R004	0416	sheet-5	S3からWP主要ファイル同期(記事サーバ1用)	機能仕様	29	922	sheet-5-B007			sheet-5-R001,sheet-5-R002,sheet-5-R003,sheet-5-R005,sheet-5-R006		記事サーバ1内にあるWordpressファイルに転送・同期する
sheet-5-R005	0416	sheet-5	S3からWP主要ファイル同期(記事サーバ1用)	機能仕様	30	923	sheet-5-B007			sheet-5-R001,sheet-5-R002,sheet-5-R003,sheet-5-R004,sheet-5-R006		実行環境
sheet-5-R006	0416	sheet-5	S3からWP主要ファイル同期(記事サーバ1用)	機能仕様	31	924	sheet-5-B007			sheet-5-R001,sheet-5-R002,sheet-5-R003,sheet-5-R004,sheet-5-R005		記事(Wordpress)用EC2インスタンス
sheet-5-R007	0416	sheet-5	S3からWP主要ファイル同期(記事サーバ1用)	機能仕様	33	926	sheet-5-B008			sheet-5-R008,sheet-5-R009,sheet-5-R010,sheet-5-R011,sheet-5-R012,sheet-5-R013,sheet-5-R014,sheet-5-R015,sheet-5-R016,sheet-5-R017,sheet-5-R018,sheet-5-R019,sheet-5-R020,sheet-5-R021,sheet-5-R022,sheet-5-R023,sheet-5-R024		同期対象
sheet-5-R008	0416	sheet-5	S3からWP主要ファイル同期(記事サーバ1用)	機能仕様	34	927	sheet-5-B008			sheet-5-R007,sheet-5-R009,sheet-5-R010,sheet-5-R011,sheet-5-R012,sheet-5-R013,sheet-5-R014,sheet-5-R015,sheet-5-R016,sheet-5-R017,sheet-5-R018,sheet-5-R019,sheet-5-R020,sheet-5-R021,sheet-5-R022,sheet-5-R023,sheet-5-R024		・同期対象は下記ディレクトリ内にある全ファイルを同期を行う
sheet-5-R009	0416	sheet-5	S3からWP主要ファイル同期(記事サーバ1用)	機能仕様	35	928	sheet-5-B008			sheet-5-R007,sheet-5-R008,sheet-5-R010,sheet-5-R011,sheet-5-R012,sheet-5-R013,sheet-5-R014,sheet-5-R015,sheet-5-R016,sheet-5-R017,sheet-5-R018,sheet-5-R019,sheet-5-R020,sheet-5-R021,sheet-5-R022,sheet-5-R023,sheet-5-R024		[Wordpress Rootディレクトリ]/wp-content/themes
sheet-5-R010	0416	sheet-5	S3からWP主要ファイル同期(記事サーバ1用)	機能仕様	36	929	sheet-5-B008			sheet-5-R007,sheet-5-R008,sheet-5-R009,sheet-5-R011,sheet-5-R012,sheet-5-R013,sheet-5-R014,sheet-5-R015,sheet-5-R016,sheet-5-R017,sheet-5-R018,sheet-5-R019,sheet-5-R020,sheet-5-R021,sheet-5-R022,sheet-5-R023,sheet-5-R024		Wordpressのテーマ(晴れる屋の記事ブログページデザインなど)が保存されているディレクトリ
sheet-5-R011	0416	sheet-5	S3からWP主要ファイル同期(記事サーバ1用)	機能仕様	37	930	sheet-5-B008			sheet-5-R007,sheet-5-R008,sheet-5-R009,sheet-5-R010,sheet-5-R012,sheet-5-R013,sheet-5-R014,sheet-5-R015,sheet-5-R016,sheet-5-R017,sheet-5-R018,sheet-5-R019,sheet-5-R020,sheet-5-R021,sheet-5-R022,sheet-5-R023,sheet-5-R024		[Wordpress Rootディレクトリ]/wp-content/plugins
sheet-5-R012	0416	sheet-5	S3からWP主要ファイル同期(記事サーバ1用)	機能仕様	38	931	sheet-5-B008			sheet-5-R007,sheet-5-R008,sheet-5-R009,sheet-5-R010,sheet-5-R011,sheet-5-R013,sheet-5-R014,sheet-5-R015,sheet-5-R016,sheet-5-R017,sheet-5-R018,sheet-5-R019,sheet-5-R020,sheet-5-R021,sheet-5-R022,sheet-5-R023,sheet-5-R024		Wordpressで使用されているプラグイン(記事画像をS3に保存するプラグインなど)が保存されているディレクトリ
sheet-5-R013	0416	sheet-5	S3からWP主要ファイル同期(記事サーバ1用)	機能仕様	39	932	sheet-5-B008			sheet-5-R007,sheet-5-R008,sheet-5-R009,sheet-5-R010,sheet-5-R011,sheet-5-R012,sheet-5-R014,sheet-5-R015,sheet-5-R016,sheet-5-R017,sheet-5-R018,sheet-5-R019,sheet-5-R020,sheet-5-R021,sheet-5-R022,sheet-5-R023,sheet-5-R024		・同期の際、下記のような条件で同期が行われる
sheet-5-R014	0416	sheet-5	S3からWP主要ファイル同期(記事サーバ1用)	機能仕様	40	933	sheet-5-B008			sheet-5-R007,sheet-5-R008,sheet-5-R009,sheet-5-R010,sheet-5-R011,sheet-5-R012,sheet-5-R013,sheet-5-R015,sheet-5-R016,sheet-5-R017,sheet-5-R018,sheet-5-R019,sheet-5-R020,sheet-5-R021,sheet-5-R022,sheet-5-R023,sheet-5-R024		・ファイルやディレクトリの作成・更新日(タイムスタンプ)の同期チェック(exact-timestamps)
sheet-5-R015	0416	sheet-5	S3からWP主要ファイル同期(記事サーバ1用)	機能仕様	41	934	sheet-5-B008			sheet-5-R007,sheet-5-R008,sheet-5-R009,sheet-5-R010,sheet-5-R011,sheet-5-R012,sheet-5-R013,sheet-5-R014,sheet-5-R016,sheet-5-R017,sheet-5-R018,sheet-5-R019,sheet-5-R020,sheet-5-R021,sheet-5-R022,sheet-5-R023,sheet-5-R024		ローカルとS3のファイルで作成・更新日(タイムスタンプ)が一致しないときにはファイルの同期が行われる
sheet-5-R016	0416	sheet-5	S3からWP主要ファイル同期(記事サーバ1用)	機能仕様	42	935	sheet-5-B008			sheet-5-R007,sheet-5-R008,sheet-5-R009,sheet-5-R010,sheet-5-R011,sheet-5-R012,sheet-5-R013,sheet-5-R014,sheet-5-R015,sheet-5-R017,sheet-5-R018,sheet-5-R019,sheet-5-R020,sheet-5-R021,sheet-5-R022,sheet-5-R023,sheet-5-R024		・ファイルやディレクトリが削除された場合の同期(delete)
sheet-5-R017	0416	sheet-5	S3からWP主要ファイル同期(記事サーバ1用)	機能仕様	43	936	sheet-5-B008			sheet-5-R007,sheet-5-R008,sheet-5-R009,sheet-5-R010,sheet-5-R011,sheet-5-R012,sheet-5-R013,sheet-5-R014,sheet-5-R015,sheet-5-R016,sheet-5-R018,sheet-5-R019,sheet-5-R020,sheet-5-R021,sheet-5-R022,sheet-5-R023,sheet-5-R024		S3のディレクトリもしくはファイルがない場合、同様にローカル内にあるファイル・ディレクトリが削除される
sheet-5-R018	0416	sheet-5	S3からWP主要ファイル同期(記事サーバ1用)	機能仕様	44	937	sheet-5-B008			sheet-5-R007,sheet-5-R008,sheet-5-R009,sheet-5-R010,sheet-5-R011,sheet-5-R012,sheet-5-R013,sheet-5-R014,sheet-5-R015,sheet-5-R016,sheet-5-R017,sheet-5-R019,sheet-5-R020,sheet-5-R021,sheet-5-R022,sheet-5-R023,sheet-5-R024		実行トリガー　Crontab　実行タイミング　毎分
sheet-5-R019	0416	sheet-5	S3からWP主要ファイル同期(記事サーバ1用)	機能仕様	45	938	sheet-5-B008			sheet-5-R007,sheet-5-R008,sheet-5-R009,sheet-5-R010,sheet-5-R011,sheet-5-R012,sheet-5-R013,sheet-5-R014,sheet-5-R015,sheet-5-R016,sheet-5-R017,sheet-5-R018,sheet-5-R020,sheet-5-R021,sheet-5-R022,sheet-5-R023,sheet-5-R024		入力データ元　AWS S3　出力先(フォーマット)　記事サーバ1内Wordpress該当ディレクトリ
sheet-5-R020	0416	sheet-5	S3からWP主要ファイル同期(記事サーバ1用)	機能仕様	46	939	sheet-5-B008			sheet-5-R007,sheet-5-R008,sheet-5-R009,sheet-5-R010,sheet-5-R011,sheet-5-R012,sheet-5-R013,sheet-5-R014,sheet-5-R015,sheet-5-R016,sheet-5-R017,sheet-5-R018,sheet-5-R019,sheet-5-R021,sheet-5-R022,sheet-5-R023,sheet-5-R024		入力データ詳細
sheet-5-R021	0416	sheet-5	S3からWP主要ファイル同期(記事サーバ1用)	機能仕様	47	940	sheet-5-B008			sheet-5-R007,sheet-5-R008,sheet-5-R009,sheet-5-R010,sheet-5-R011,sheet-5-R012,sheet-5-R013,sheet-5-R014,sheet-5-R015,sheet-5-R016,sheet-5-R017,sheet-5-R018,sheet-5-R019,sheet-5-R020,sheet-5-R022,sheet-5-R023,sheet-5-R024		入力データ検索条件
sheet-5-R022	0416	sheet-5	S3からWP主要ファイル同期(記事サーバ1用)	機能仕様	48	941	sheet-5-B008			sheet-5-R007,sheet-5-R008,sheet-5-R009,sheet-5-R010,sheet-5-R011,sheet-5-R012,sheet-5-R013,sheet-5-R014,sheet-5-R015,sheet-5-R016,sheet-5-R017,sheet-5-R018,sheet-5-R019,sheet-5-R020,sheet-5-R021,sheet-5-R023,sheet-5-R024		項目名　条件　備考
sheet-5-R023	0416	sheet-5	S3からWP主要ファイル同期(記事サーバ1用)	機能仕様	49	942	sheet-5-B008			sheet-5-R007,sheet-5-R008,sheet-5-R009,sheet-5-R010,sheet-5-R011,sheet-5-R012,sheet-5-R013,sheet-5-R014,sheet-5-R015,sheet-5-R016,sheet-5-R017,sheet-5-R018,sheet-5-R019,sheet-5-R020,sheet-5-R021,sheet-5-R022,sheet-5-R024		実行結果詳細  ※主にDBの登録・更新結果について記載
sheet-5-R024	0416	sheet-5	S3からWP主要ファイル同期(記事サーバ1用)	機能仕様	50	943	sheet-5-B008			sheet-5-R007,sheet-5-R008,sheet-5-R009,sheet-5-R010,sheet-5-R011,sheet-5-R012,sheet-5-R013,sheet-5-R014,sheet-5-R015,sheet-5-R016,sheet-5-R017,sheet-5-R018,sheet-5-R019,sheet-5-R020,sheet-5-R021,sheet-5-R022,sheet-5-R023		エラーハンドリング
sheet-6-R001	0416	sheet-6	S3からWP主要ファイル同期(記事サーバ2用)	機能仕様	26	970	sheet-6-B009			sheet-6-R002,sheet-6-R003,sheet-6-R004,sheet-6-R005,sheet-6-R006		S3に保存されているWordpressファイルをWordpressサーバのWordpressファイルへ転送・同期
sheet-6-R002	0416	sheet-6	S3からWP主要ファイル同期(記事サーバ2用)	機能仕様	27	971	sheet-6-B009			sheet-6-R001,sheet-6-R003,sheet-6-R004,sheet-6-R005,sheet-6-R006		機能
sheet-6-R003	0416	sheet-6	S3からWP主要ファイル同期(記事サーバ2用)	機能仕様	28	972	sheet-6-B009			sheet-6-R001,sheet-6-R002,sheet-6-R004,sheet-6-R005,sheet-6-R006		機能No. B16-1「WordPress主要ファイルからS3バケットへ同期」でS3バケット保存されているWordpressファイルを
sheet-6-R004	0416	sheet-6	S3からWP主要ファイル同期(記事サーバ2用)	機能仕様	29	973	sheet-6-B009			sheet-6-R001,sheet-6-R002,sheet-6-R003,sheet-6-R005,sheet-6-R006		記事サーバ2にあるWordpressファイルに転送・同期する
sheet-6-R005	0416	sheet-6	S3からWP主要ファイル同期(記事サーバ2用)	機能仕様	30	974	sheet-6-B009			sheet-6-R001,sheet-6-R002,sheet-6-R003,sheet-6-R004,sheet-6-R006		実行環境
sheet-6-R006	0416	sheet-6	S3からWP主要ファイル同期(記事サーバ2用)	機能仕様	31	975	sheet-6-B009			sheet-6-R001,sheet-6-R002,sheet-6-R003,sheet-6-R004,sheet-6-R005		記事(Wordpress)用EC2インスタンス
sheet-6-R007	0416	sheet-6	S3からWP主要ファイル同期(記事サーバ2用)	機能仕様	33	977	sheet-6-B010			sheet-6-R008,sheet-6-R009,sheet-6-R010,sheet-6-R011,sheet-6-R012,sheet-6-R013,sheet-6-R014,sheet-6-R015,sheet-6-R016,sheet-6-R017,sheet-6-R018,sheet-6-R019,sheet-6-R020,sheet-6-R021,sheet-6-R022,sheet-6-R023,sheet-6-R024		同期対象
sheet-6-R008	0416	sheet-6	S3からWP主要ファイル同期(記事サーバ2用)	機能仕様	34	978	sheet-6-B010			sheet-6-R007,sheet-6-R009,sheet-6-R010,sheet-6-R011,sheet-6-R012,sheet-6-R013,sheet-6-R014,sheet-6-R015,sheet-6-R016,sheet-6-R017,sheet-6-R018,sheet-6-R019,sheet-6-R020,sheet-6-R021,sheet-6-R022,sheet-6-R023,sheet-6-R024		・同期対象は下記ディレクトリ内にある全ファイルを同期を行う
sheet-6-R009	0416	sheet-6	S3からWP主要ファイル同期(記事サーバ2用)	機能仕様	35	979	sheet-6-B010			sheet-6-R007,sheet-6-R008,sheet-6-R010,sheet-6-R011,sheet-6-R012,sheet-6-R013,sheet-6-R014,sheet-6-R015,sheet-6-R016,sheet-6-R017,sheet-6-R018,sheet-6-R019,sheet-6-R020,sheet-6-R021,sheet-6-R022,sheet-6-R023,sheet-6-R024		[Wordpress Rootディレクトリ]/wp-content/themes
sheet-6-R010	0416	sheet-6	S3からWP主要ファイル同期(記事サーバ2用)	機能仕様	36	980	sheet-6-B010			sheet-6-R007,sheet-6-R008,sheet-6-R009,sheet-6-R011,sheet-6-R012,sheet-6-R013,sheet-6-R014,sheet-6-R015,sheet-6-R016,sheet-6-R017,sheet-6-R018,sheet-6-R019,sheet-6-R020,sheet-6-R021,sheet-6-R022,sheet-6-R023,sheet-6-R024		Wordpressのテーマ(晴れる屋の記事ブログページデザインなど)が保存されているディレクトリ
sheet-6-R011	0416	sheet-6	S3からWP主要ファイル同期(記事サーバ2用)	機能仕様	37	981	sheet-6-B010			sheet-6-R007,sheet-6-R008,sheet-6-R009,sheet-6-R010,sheet-6-R012,sheet-6-R013,sheet-6-R014,sheet-6-R015,sheet-6-R016,sheet-6-R017,sheet-6-R018,sheet-6-R019,sheet-6-R020,sheet-6-R021,sheet-6-R022,sheet-6-R023,sheet-6-R024		[Wordpress Rootディレクトリ]/wp-content/plugins
sheet-6-R012	0416	sheet-6	S3からWP主要ファイル同期(記事サーバ2用)	機能仕様	38	982	sheet-6-B010			sheet-6-R007,sheet-6-R008,sheet-6-R009,sheet-6-R010,sheet-6-R011,sheet-6-R013,sheet-6-R014,sheet-6-R015,sheet-6-R016,sheet-6-R017,sheet-6-R018,sheet-6-R019,sheet-6-R020,sheet-6-R021,sheet-6-R022,sheet-6-R023,sheet-6-R024		Wordpressで使用されているプラグイン(記事画像をS3に保存するプラグインなど)が保存されているディレクトリ
sheet-6-R013	0416	sheet-6	S3からWP主要ファイル同期(記事サーバ2用)	機能仕様	39	983	sheet-6-B010			sheet-6-R007,sheet-6-R008,sheet-6-R009,sheet-6-R010,sheet-6-R011,sheet-6-R012,sheet-6-R014,sheet-6-R015,sheet-6-R016,sheet-6-R017,sheet-6-R018,sheet-6-R019,sheet-6-R020,sheet-6-R021,sheet-6-R022,sheet-6-R023,sheet-6-R024		・同期の際、下記のような条件で同期が行われる
sheet-6-R014	0416	sheet-6	S3からWP主要ファイル同期(記事サーバ2用)	機能仕様	40	984	sheet-6-B010			sheet-6-R007,sheet-6-R008,sheet-6-R009,sheet-6-R010,sheet-6-R011,sheet-6-R012,sheet-6-R013,sheet-6-R015,sheet-6-R016,sheet-6-R017,sheet-6-R018,sheet-6-R019,sheet-6-R020,sheet-6-R021,sheet-6-R022,sheet-6-R023,sheet-6-R024		・ファイルやディレクトリの作成・更新日(タイムスタンプ)の同期チェック(exact-timestamps)
sheet-6-R015	0416	sheet-6	S3からWP主要ファイル同期(記事サーバ2用)	機能仕様	41	985	sheet-6-B010			sheet-6-R007,sheet-6-R008,sheet-6-R009,sheet-6-R010,sheet-6-R011,sheet-6-R012,sheet-6-R013,sheet-6-R014,sheet-6-R016,sheet-6-R017,sheet-6-R018,sheet-6-R019,sheet-6-R020,sheet-6-R021,sheet-6-R022,sheet-6-R023,sheet-6-R024		ローカルとS3のファイルで作成・更新日(タイムスタンプ)が一致しないときにはファイルの同期が行われる
sheet-6-R016	0416	sheet-6	S3からWP主要ファイル同期(記事サーバ2用)	機能仕様	42	986	sheet-6-B010			sheet-6-R007,sheet-6-R008,sheet-6-R009,sheet-6-R010,sheet-6-R011,sheet-6-R012,sheet-6-R013,sheet-6-R014,sheet-6-R015,sheet-6-R017,sheet-6-R018,sheet-6-R019,sheet-6-R020,sheet-6-R021,sheet-6-R022,sheet-6-R023,sheet-6-R024		・ファイルやディレクトリが削除された場合の同期(delete)
sheet-6-R017	0416	sheet-6	S3からWP主要ファイル同期(記事サーバ2用)	機能仕様	43	987	sheet-6-B010			sheet-6-R007,sheet-6-R008,sheet-6-R009,sheet-6-R010,sheet-6-R011,sheet-6-R012,sheet-6-R013,sheet-6-R014,sheet-6-R015,sheet-6-R016,sheet-6-R018,sheet-6-R019,sheet-6-R020,sheet-6-R021,sheet-6-R022,sheet-6-R023,sheet-6-R024		S3のディレクトリもしくはファイルがない場合、同様にローカル内にあるファイル・ディレクトリが削除される
sheet-6-R018	0416	sheet-6	S3からWP主要ファイル同期(記事サーバ2用)	機能仕様	44	988	sheet-6-B010			sheet-6-R007,sheet-6-R008,sheet-6-R009,sheet-6-R010,sheet-6-R011,sheet-6-R012,sheet-6-R013,sheet-6-R014,sheet-6-R015,sheet-6-R016,sheet-6-R017,sheet-6-R019,sheet-6-R020,sheet-6-R021,sheet-6-R022,sheet-6-R023,sheet-6-R024		実行トリガー　Crontab　実行タイミング　毎分
sheet-6-R019	0416	sheet-6	S3からWP主要ファイル同期(記事サーバ2用)	機能仕様	45	989	sheet-6-B010			sheet-6-R007,sheet-6-R008,sheet-6-R009,sheet-6-R010,sheet-6-R011,sheet-6-R012,sheet-6-R013,sheet-6-R014,sheet-6-R015,sheet-6-R016,sheet-6-R017,sheet-6-R018,sheet-6-R020,sheet-6-R021,sheet-6-R022,sheet-6-R023,sheet-6-R024		入力データ元　AWS S3　出力先(フォーマット)　記事サーバ2内Wordpress該当ディレクトリ
sheet-6-R020	0416	sheet-6	S3からWP主要ファイル同期(記事サーバ2用)	機能仕様	46	990	sheet-6-B010			sheet-6-R007,sheet-6-R008,sheet-6-R009,sheet-6-R010,sheet-6-R011,sheet-6-R012,sheet-6-R013,sheet-6-R014,sheet-6-R015,sheet-6-R016,sheet-6-R017,sheet-6-R018,sheet-6-R019,sheet-6-R021,sheet-6-R022,sheet-6-R023,sheet-6-R024		入力データ詳細
sheet-6-R021	0416	sheet-6	S3からWP主要ファイル同期(記事サーバ2用)	機能仕様	47	991	sheet-6-B010			sheet-6-R007,sheet-6-R008,sheet-6-R009,sheet-6-R010,sheet-6-R011,sheet-6-R012,sheet-6-R013,sheet-6-R014,sheet-6-R015,sheet-6-R016,sheet-6-R017,sheet-6-R018,sheet-6-R019,sheet-6-R020,sheet-6-R022,sheet-6-R023,sheet-6-R024		入力データ検索条件
sheet-6-R022	0416	sheet-6	S3からWP主要ファイル同期(記事サーバ2用)	機能仕様	48	992	sheet-6-B010			sheet-6-R007,sheet-6-R008,sheet-6-R009,sheet-6-R010,sheet-6-R011,sheet-6-R012,sheet-6-R013,sheet-6-R014,sheet-6-R015,sheet-6-R016,sheet-6-R017,sheet-6-R018,sheet-6-R019,sheet-6-R020,sheet-6-R021,sheet-6-R023,sheet-6-R024		項目名　条件　備考
sheet-6-R023	0416	sheet-6	S3からWP主要ファイル同期(記事サーバ2用)	機能仕様	49	993	sheet-6-B010			sheet-6-R007,sheet-6-R008,sheet-6-R009,sheet-6-R010,sheet-6-R011,sheet-6-R012,sheet-6-R013,sheet-6-R014,sheet-6-R015,sheet-6-R016,sheet-6-R017,sheet-6-R018,sheet-6-R019,sheet-6-R020,sheet-6-R021,sheet-6-R022,sheet-6-R024		実行結果詳細  ※主にDBの登録・更新結果について記載
sheet-6-R024	0416	sheet-6	S3からWP主要ファイル同期(記事サーバ2用)	機能仕様	50	994	sheet-6-B010			sheet-6-R007,sheet-6-R008,sheet-6-R009,sheet-6-R010,sheet-6-R011,sheet-6-R012,sheet-6-R013,sheet-6-R014,sheet-6-R015,sheet-6-R016,sheet-6-R017,sheet-6-R018,sheet-6-R019,sheet-6-R020,sheet-6-R021,sheet-6-R022,sheet-6-R023		エラーハンドリング
sheet-7-R001	0416	sheet-7	WAF不正アクセスログ集計処理	処理概要	23	1018	sheet-7-B011					処理内容
sheet-7-R002	0416	sheet-7	WAF不正アクセスログ集計処理	機能仕様	26	1021	sheet-7-B012			sheet-7-R003,sheet-7-R004,sheet-7-R005,sheet-7-R006,sheet-7-R007		晴れる屋EC-CUBEで不正アクセスと判断されたアクセスログを生成
sheet-7-R003	0416	sheet-7	WAF不正アクセスログ集計処理	機能仕様	27	1022	sheet-7-B012			sheet-7-R002,sheet-7-R004,sheet-7-R005,sheet-7-R006,sheet-7-R007		機能
sheet-7-R004	0416	sheet-7	WAF不正アクセスログ集計処理	機能仕様	28	1023	sheet-7-B012			sheet-7-R002,sheet-7-R003,sheet-7-R005,sheet-7-R006,sheet-7-R007		晴れる屋EC-CUBEのWAFで不正アクセスと判断されたログを取得し
sheet-7-R005	0416	sheet-7	WAF不正アクセスログ集計処理	機能仕様	29	1024	sheet-7-B012			sheet-7-R002,sheet-7-R003,sheet-7-R004,sheet-7-R006,sheet-7-R007		処理結果をS3にアップロードおよびSlack通知を行う
sheet-7-R006	0416	sheet-7	WAF不正アクセスログ集計処理	機能仕様	30	1025	sheet-7-B012			sheet-7-R002,sheet-7-R003,sheet-7-R004,sheet-7-R005,sheet-7-R007		実行環境
sheet-7-R007	0416	sheet-7	WAF不正アクセスログ集計処理	機能仕様	31	1026	sheet-7-B012			sheet-7-R002,sheet-7-R003,sheet-7-R004,sheet-7-R005,sheet-7-R006		バッチ処理用EC2インスタンス
sheet-7-R008	0416	sheet-7	WAF不正アクセスログ集計処理	機能仕様	33	1028	sheet-7-B013			sheet-7-R009,sheet-7-R010,sheet-7-R011,sheet-7-R012,sheet-7-R013,sheet-7-R014,sheet-7-R015,sheet-7-R016,sheet-7-R017,sheet-7-R018,sheet-7-R019,sheet-7-R020,sheet-7-R021,sheet-7-R022,sheet-7-R023,sheet-7-R024,sheet-7-R025,sheet-7-R026,sheet-7-R027,sheet-7-R028,sheet-7-R029,sheet-7-R030,sheet-7-R031,sheet-7-R032,sheet-7-R033,sheet-7-R034,sheet-7-R035,sheet-7-R036		機能仕様処理内容
sheet-7-R009	0416	sheet-7	WAF不正アクセスログ集計処理	機能仕様	34	1029	sheet-7-B013			sheet-7-R008,sheet-7-R010,sheet-7-R011,sheet-7-R012,sheet-7-R013,sheet-7-R014,sheet-7-R015,sheet-7-R016,sheet-7-R017,sheet-7-R018,sheet-7-R019,sheet-7-R020,sheet-7-R021,sheet-7-R022,sheet-7-R023,sheet-7-R024,sheet-7-R025,sheet-7-R026,sheet-7-R027,sheet-7-R028,sheet-7-R029,sheet-7-R030,sheet-7-R031,sheet-7-R032,sheet-7-R033,sheet-7-R034,sheet-7-R035,sheet-7-R036		・晴れる屋EC-CUBEのWAFで不正アクセスした際に生成されるログを元に、前日分のログ統合・集計を行う。
sheet-7-R010	0416	sheet-7	WAF不正アクセスログ集計処理	機能仕様	35	1030	sheet-7-B013			sheet-7-R008,sheet-7-R009,sheet-7-R011,sheet-7-R012,sheet-7-R013,sheet-7-R014,sheet-7-R015,sheet-7-R016,sheet-7-R017,sheet-7-R018,sheet-7-R019,sheet-7-R020,sheet-7-R021,sheet-7-R022,sheet-7-R023,sheet-7-R024,sheet-7-R025,sheet-7-R026,sheet-7-R027,sheet-7-R028,sheet-7-R029,sheet-7-R030,sheet-7-R031,sheet-7-R032,sheet-7-R033,sheet-7-R034,sheet-7-R035,sheet-7-R036		・対象のサーバは下記の通りになります
sheet-7-R011	0416	sheet-7	WAF不正アクセスログ集計処理	機能仕様	36	1031	sheet-7-B013			sheet-7-R008,sheet-7-R009,sheet-7-R010,sheet-7-R012,sheet-7-R013,sheet-7-R014,sheet-7-R015,sheet-7-R016,sheet-7-R017,sheet-7-R018,sheet-7-R019,sheet-7-R020,sheet-7-R021,sheet-7-R022,sheet-7-R023,sheet-7-R024,sheet-7-R025,sheet-7-R026,sheet-7-R027,sheet-7-R028,sheet-7-R029,sheet-7-R030,sheet-7-R031,sheet-7-R032,sheet-7-R033,sheet-7-R034,sheet-7-R035,sheet-7-R036		"サーバ種別	ロードバランサ―名	WAF名	S3ログ転送先"
sheet-7-R012	0416	sheet-7	WAF不正アクセスログ集計処理	機能仕様	37	1032	sheet-7-B013			sheet-7-R008,sheet-7-R009,sheet-7-R010,sheet-7-R011,sheet-7-R013,sheet-7-R014,sheet-7-R015,sheet-7-R016,sheet-7-R017,sheet-7-R018,sheet-7-R019,sheet-7-R020,sheet-7-R021,sheet-7-R022,sheet-7-R023,sheet-7-R024,sheet-7-R025,sheet-7-R026,sheet-7-R027,sheet-7-R028,sheet-7-R029,sheet-7-R030,sheet-7-R031,sheet-7-R032,sheet-7-R033,sheet-7-R034,sheet-7-R035,sheet-7-R036		"本店ECフロントサーバ(ECFront)	ELB-EC-Prod	IP_Block_List	S3://aws-waf-logs-prod-hareruyaec"
sheet-7-R013	0416	sheet-7	WAF不正アクセスログ集計処理	機能仕様	38	1033	sheet-7-B013			sheet-7-R008,sheet-7-R009,sheet-7-R010,sheet-7-R011,sheet-7-R012,sheet-7-R014,sheet-7-R015,sheet-7-R016,sheet-7-R017,sheet-7-R018,sheet-7-R019,sheet-7-R020,sheet-7-R021,sheet-7-R022,sheet-7-R023,sheet-7-R024,sheet-7-R025,sheet-7-R026,sheet-7-R027,sheet-7-R028,sheet-7-R029,sheet-7-R030,sheet-7-R031,sheet-7-R032,sheet-7-R033,sheet-7-R034,sheet-7-R035,sheet-7-R036		本店ECフロントサーバ読込専用(ECReadFront)
sheet-7-R014	0416	sheet-7	WAF不正アクセスログ集計処理	機能仕様	39	1034	sheet-7-B013			sheet-7-R008,sheet-7-R009,sheet-7-R010,sheet-7-R011,sheet-7-R012,sheet-7-R013,sheet-7-R015,sheet-7-R016,sheet-7-R017,sheet-7-R018,sheet-7-R019,sheet-7-R020,sheet-7-R021,sheet-7-R022,sheet-7-R023,sheet-7-R024,sheet-7-R025,sheet-7-R026,sheet-7-R027,sheet-7-R028,sheet-7-R029,sheet-7-R030,sheet-7-R031,sheet-7-R032,sheet-7-R033,sheet-7-R034,sheet-7-R035,sheet-7-R036		デッキ構築SPAサーバ(PROD_DeckSPA)
sheet-7-R015	0416	sheet-7	WAF不正アクセスログ集計処理	機能仕様	40	1035	sheet-7-B013			sheet-7-R008,sheet-7-R009,sheet-7-R010,sheet-7-R011,sheet-7-R012,sheet-7-R013,sheet-7-R014,sheet-7-R016,sheet-7-R017,sheet-7-R018,sheet-7-R019,sheet-7-R020,sheet-7-R021,sheet-7-R022,sheet-7-R023,sheet-7-R024,sheet-7-R025,sheet-7-R026,sheet-7-R027,sheet-7-R028,sheet-7-R029,sheet-7-R030,sheet-7-R031,sheet-7-R032,sheet-7-R033,sheet-7-R034,sheet-7-R035,sheet-7-R036		デッキAPI(PROD_Deckbuilder-API)　PROD-deckbuilder-api　Rate-Base-blocker-for-deckapi　S3://aws-waf-logs-prod-deckapi
sheet-7-R016	0416	sheet-7	WAF不正アクセスログ集計処理	機能仕様	41	1036	sheet-7-B013			sheet-7-R008,sheet-7-R009,sheet-7-R010,sheet-7-R011,sheet-7-R012,sheet-7-R013,sheet-7-R014,sheet-7-R015,sheet-7-R017,sheet-7-R018,sheet-7-R019,sheet-7-R020,sheet-7-R021,sheet-7-R022,sheet-7-R023,sheet-7-R024,sheet-7-R025,sheet-7-R026,sheet-7-R027,sheet-7-R028,sheet-7-R029,sheet-7-R030,sheet-7-R031,sheet-7-R032,sheet-7-R033,sheet-7-R034,sheet-7-R035,sheet-7-R036		・下記のサーバは集計の対象外となります
sheet-7-R017	0416	sheet-7	WAF不正アクセスログ集計処理	機能仕様	42	1037	sheet-7-B013			sheet-7-R008,sheet-7-R009,sheet-7-R010,sheet-7-R011,sheet-7-R012,sheet-7-R013,sheet-7-R014,sheet-7-R015,sheet-7-R016,sheet-7-R018,sheet-7-R019,sheet-7-R020,sheet-7-R021,sheet-7-R022,sheet-7-R023,sheet-7-R024,sheet-7-R025,sheet-7-R026,sheet-7-R027,sheet-7-R028,sheet-7-R029,sheet-7-R030,sheet-7-R031,sheet-7-R032,sheet-7-R033,sheet-7-R034,sheet-7-R035,sheet-7-R036		"サーバ種別	ロードバランサ―名	WAF名	S3ログ転送先"
sheet-7-R018	0416	sheet-7	WAF不正アクセスログ集計処理	機能仕様	43	1038	sheet-7-B013			sheet-7-R008,sheet-7-R009,sheet-7-R010,sheet-7-R011,sheet-7-R012,sheet-7-R013,sheet-7-R014,sheet-7-R015,sheet-7-R016,sheet-7-R017,sheet-7-R019,sheet-7-R020,sheet-7-R021,sheet-7-R022,sheet-7-R023,sheet-7-R024,sheet-7-R025,sheet-7-R026,sheet-7-R027,sheet-7-R028,sheet-7-R029,sheet-7-R030,sheet-7-R031,sheet-7-R032,sheet-7-R033,sheet-7-R034,sheet-7-R035,sheet-7-R036		"記事サーバ(Article)	ELB-Article-Prod	Article_IP_Block	-"
sheet-7-R019	0416	sheet-7	WAF不正アクセスログ集計処理	機能仕様	44	1039	sheet-7-B013			sheet-7-R008,sheet-7-R009,sheet-7-R010,sheet-7-R011,sheet-7-R012,sheet-7-R013,sheet-7-R014,sheet-7-R015,sheet-7-R016,sheet-7-R017,sheet-7-R018,sheet-7-R020,sheet-7-R021,sheet-7-R022,sheet-7-R023,sheet-7-R024,sheet-7-R025,sheet-7-R026,sheet-7-R027,sheet-7-R028,sheet-7-R029,sheet-7-R030,sheet-7-R031,sheet-7-R032,sheet-7-R033,sheet-7-R034,sheet-7-R035,sheet-7-R036		"APIサーバ(PROD_API)	API-Prod	-	-"
sheet-7-R020	0416	sheet-7	WAF不正アクセスログ集計処理	機能仕様	45	1040	sheet-7-B013			sheet-7-R008,sheet-7-R009,sheet-7-R010,sheet-7-R011,sheet-7-R012,sheet-7-R013,sheet-7-R014,sheet-7-R015,sheet-7-R016,sheet-7-R017,sheet-7-R018,sheet-7-R019,sheet-7-R021,sheet-7-R022,sheet-7-R023,sheet-7-R024,sheet-7-R025,sheet-7-R026,sheet-7-R027,sheet-7-R028,sheet-7-R029,sheet-7-R030,sheet-7-R031,sheet-7-R032,sheet-7-R033,sheet-7-R034,sheet-7-R035,sheet-7-R036		"ステージング用ECフロントサーバ	STG-Branch-Admin-ELB	stg-all-search-blocker	-"
sheet-7-R021	0416	sheet-7	WAF不正アクセスログ集計処理	機能仕様	46	1041	sheet-7-B013			sheet-7-R008,sheet-7-R009,sheet-7-R010,sheet-7-R011,sheet-7-R012,sheet-7-R013,sheet-7-R014,sheet-7-R015,sheet-7-R016,sheet-7-R017,sheet-7-R018,sheet-7-R019,sheet-7-R020,sheet-7-R022,sheet-7-R023,sheet-7-R024,sheet-7-R025,sheet-7-R026,sheet-7-R027,sheet-7-R028,sheet-7-R029,sheet-7-R030,sheet-7-R031,sheet-7-R032,sheet-7-R033,sheet-7-R034,sheet-7-R035,sheet-7-R036		・S3に保存されているログから前日分の不正アクセスログをローカルに一時保存する。
sheet-7-R022	0416	sheet-7	WAF不正アクセスログ集計処理	機能仕様	47	1042	sheet-7-B013			sheet-7-R008,sheet-7-R009,sheet-7-R010,sheet-7-R011,sheet-7-R012,sheet-7-R013,sheet-7-R014,sheet-7-R015,sheet-7-R016,sheet-7-R017,sheet-7-R018,sheet-7-R019,sheet-7-R020,sheet-7-R021,sheet-7-R023,sheet-7-R024,sheet-7-R025,sheet-7-R026,sheet-7-R027,sheet-7-R028,sheet-7-R029,sheet-7-R030,sheet-7-R031,sheet-7-R032,sheet-7-R033,sheet-7-R034,sheet-7-R035,sheet-7-R036		取得先S3パス S3://[ログ保存先バケット]/AWSLogs/641007440821/WAFLogs/ap-northeast-1/IP_Block_List/[YYYY]/[MM]/[DD]
sheet-7-R023	0416	sheet-7	WAF不正アクセスログ集計処理	機能仕様	48	1043	sheet-7-B013			sheet-7-R008,sheet-7-R009,sheet-7-R010,sheet-7-R011,sheet-7-R012,sheet-7-R013,sheet-7-R014,sheet-7-R015,sheet-7-R016,sheet-7-R017,sheet-7-R018,sheet-7-R019,sheet-7-R020,sheet-7-R021,sheet-7-R022,sheet-7-R024,sheet-7-R025,sheet-7-R026,sheet-7-R027,sheet-7-R028,sheet-7-R029,sheet-7-R030,sheet-7-R031,sheet-7-R032,sheet-7-R033,sheet-7-R034,sheet-7-R035,sheet-7-R036		※上記パス以降の時刻ディレクトリ(HH/MM)をすべて取得
sheet-7-R024	0416	sheet-7	WAF不正アクセスログ集計処理	機能仕様	49	1044	sheet-7-B013			sheet-7-R008,sheet-7-R009,sheet-7-R010,sheet-7-R011,sheet-7-R012,sheet-7-R013,sheet-7-R014,sheet-7-R015,sheet-7-R016,sheet-7-R017,sheet-7-R018,sheet-7-R019,sheet-7-R020,sheet-7-R021,sheet-7-R022,sheet-7-R023,sheet-7-R025,sheet-7-R026,sheet-7-R027,sheet-7-R028,sheet-7-R029,sheet-7-R030,sheet-7-R031,sheet-7-R032,sheet-7-R033,sheet-7-R034,sheet-7-R035,sheet-7-R036		・取得したログを1日分のログファイルに纏め、gzip形式でファイルを圧縮してS3に保存する
sheet-7-R025	0416	sheet-7	WAF不正アクセスログ集計処理	機能仕様	50	1045	sheet-7-B013			sheet-7-R008,sheet-7-R009,sheet-7-R010,sheet-7-R011,sheet-7-R012,sheet-7-R013,sheet-7-R014,sheet-7-R015,sheet-7-R016,sheet-7-R017,sheet-7-R018,sheet-7-R019,sheet-7-R020,sheet-7-R021,sheet-7-R022,sheet-7-R023,sheet-7-R024,sheet-7-R026,sheet-7-R027,sheet-7-R028,sheet-7-R029,sheet-7-R030,sheet-7-R031,sheet-7-R032,sheet-7-R033,sheet-7-R034,sheet-7-R035,sheet-7-R036		保存先S3パス S3://[ログ保存先バケット]/YYMMDD_result.gz
sheet-7-R026	0416	sheet-7	WAF不正アクセスログ集計処理	機能仕様	51	1046	sheet-7-B013			sheet-7-R008,sheet-7-R009,sheet-7-R010,sheet-7-R011,sheet-7-R012,sheet-7-R013,sheet-7-R014,sheet-7-R015,sheet-7-R016,sheet-7-R017,sheet-7-R018,sheet-7-R019,sheet-7-R020,sheet-7-R021,sheet-7-R022,sheet-7-R023,sheet-7-R024,sheet-7-R025,sheet-7-R027,sheet-7-R028,sheet-7-R029,sheet-7-R030,sheet-7-R031,sheet-7-R032,sheet-7-R033,sheet-7-R034,sheet-7-R035,sheet-7-R036		・1日分のログファイルから、ブロックしたIPアドレスおよび出現回数を集計する
sheet-7-R027	0416	sheet-7	WAF不正アクセスログ集計処理	機能仕様	52	1047	sheet-7-B013			sheet-7-R008,sheet-7-R009,sheet-7-R010,sheet-7-R011,sheet-7-R012,sheet-7-R013,sheet-7-R014,sheet-7-R015,sheet-7-R016,sheet-7-R017,sheet-7-R018,sheet-7-R019,sheet-7-R020,sheet-7-R021,sheet-7-R022,sheet-7-R023,sheet-7-R024,sheet-7-R025,sheet-7-R026,sheet-7-R028,sheet-7-R029,sheet-7-R030,sheet-7-R031,sheet-7-R032,sheet-7-R033,sheet-7-R034,sheet-7-R035,sheet-7-R036		・集計結果を2通りの処理を行う
sheet-7-R028	0416	sheet-7	WAF不正アクセスログ集計処理	機能仕様	53	1048	sheet-7-B013			sheet-7-R008,sheet-7-R009,sheet-7-R010,sheet-7-R011,sheet-7-R012,sheet-7-R013,sheet-7-R014,sheet-7-R015,sheet-7-R016,sheet-7-R017,sheet-7-R018,sheet-7-R019,sheet-7-R020,sheet-7-R021,sheet-7-R022,sheet-7-R023,sheet-7-R024,sheet-7-R025,sheet-7-R026,sheet-7-R027,sheet-7-R029,sheet-7-R030,sheet-7-R031,sheet-7-R032,sheet-7-R033,sheet-7-R034,sheet-7-R035,sheet-7-R036		・集計結果をファイルに保存して、S3に保存する
sheet-7-R029	0416	sheet-7	WAF不正アクセスログ集計処理	機能仕様	54	1049	sheet-7-B013			sheet-7-R008,sheet-7-R009,sheet-7-R010,sheet-7-R011,sheet-7-R012,sheet-7-R013,sheet-7-R014,sheet-7-R015,sheet-7-R016,sheet-7-R017,sheet-7-R018,sheet-7-R019,sheet-7-R020,sheet-7-R021,sheet-7-R022,sheet-7-R023,sheet-7-R024,sheet-7-R025,sheet-7-R026,sheet-7-R027,sheet-7-R028,sheet-7-R030,sheet-7-R031,sheet-7-R032,sheet-7-R033,sheet-7-R034,sheet-7-R035,sheet-7-R036		保存先S3パス  S3://[ログ保存先バケット]/YYMMDD_attach
sheet-7-R030	0416	sheet-7	WAF不正アクセスログ集計処理	機能仕様	55	1050	sheet-7-B013			sheet-7-R008,sheet-7-R009,sheet-7-R010,sheet-7-R011,sheet-7-R012,sheet-7-R013,sheet-7-R014,sheet-7-R015,sheet-7-R016,sheet-7-R017,sheet-7-R018,sheet-7-R019,sheet-7-R020,sheet-7-R021,sheet-7-R022,sheet-7-R023,sheet-7-R024,sheet-7-R025,sheet-7-R026,sheet-7-R027,sheet-7-R028,sheet-7-R029,sheet-7-R031,sheet-7-R032,sheet-7-R033,sheet-7-R034,sheet-7-R035,sheet-7-R036		実行トリガー　スケジュール起動(Step Functions)　実行タイミング　毎日4時
sheet-7-R031	0416	sheet-7	WAF不正アクセスログ集計処理	機能仕様	56	1051	sheet-7-B013			sheet-7-R008,sheet-7-R009,sheet-7-R010,sheet-7-R011,sheet-7-R012,sheet-7-R013,sheet-7-R014,sheet-7-R015,sheet-7-R016,sheet-7-R017,sheet-7-R018,sheet-7-R019,sheet-7-R020,sheet-7-R021,sheet-7-R022,sheet-7-R023,sheet-7-R024,sheet-7-R025,sheet-7-R026,sheet-7-R027,sheet-7-R028,sheet-7-R029,sheet-7-R030,sheet-7-R032,sheet-7-R033,sheet-7-R034,sheet-7-R035,sheet-7-R036		入力データ元　AWS S3　出力先(フォーマット)　AWS S3 / Slackチャンネル
sheet-7-R032	0416	sheet-7	WAF不正アクセスログ集計処理	機能仕様	57	1052	sheet-7-B013			sheet-7-R008,sheet-7-R009,sheet-7-R010,sheet-7-R011,sheet-7-R012,sheet-7-R013,sheet-7-R014,sheet-7-R015,sheet-7-R016,sheet-7-R017,sheet-7-R018,sheet-7-R019,sheet-7-R020,sheet-7-R021,sheet-7-R022,sheet-7-R023,sheet-7-R024,sheet-7-R025,sheet-7-R026,sheet-7-R027,sheet-7-R028,sheet-7-R029,sheet-7-R030,sheet-7-R031,sheet-7-R033,sheet-7-R034,sheet-7-R035,sheet-7-R036		入力データ詳細
sheet-7-R033	0416	sheet-7	WAF不正アクセスログ集計処理	機能仕様	58	1053	sheet-7-B013			sheet-7-R008,sheet-7-R009,sheet-7-R010,sheet-7-R011,sheet-7-R012,sheet-7-R013,sheet-7-R014,sheet-7-R015,sheet-7-R016,sheet-7-R017,sheet-7-R018,sheet-7-R019,sheet-7-R020,sheet-7-R021,sheet-7-R022,sheet-7-R023,sheet-7-R024,sheet-7-R025,sheet-7-R026,sheet-7-R027,sheet-7-R028,sheet-7-R029,sheet-7-R030,sheet-7-R031,sheet-7-R032,sheet-7-R034,sheet-7-R035,sheet-7-R036		入力データ検索条件
sheet-7-R034	0416	sheet-7	WAF不正アクセスログ集計処理	機能仕様	59	1054	sheet-7-B013			sheet-7-R008,sheet-7-R009,sheet-7-R010,sheet-7-R011,sheet-7-R012,sheet-7-R013,sheet-7-R014,sheet-7-R015,sheet-7-R016,sheet-7-R017,sheet-7-R018,sheet-7-R019,sheet-7-R020,sheet-7-R021,sheet-7-R022,sheet-7-R023,sheet-7-R024,sheet-7-R025,sheet-7-R026,sheet-7-R027,sheet-7-R028,sheet-7-R029,sheet-7-R030,sheet-7-R031,sheet-7-R032,sheet-7-R033,sheet-7-R035,sheet-7-R036		項目名　条件　備考
sheet-7-R035	0416	sheet-7	WAF不正アクセスログ集計処理	機能仕様	60	1055	sheet-7-B013			sheet-7-R008,sheet-7-R009,sheet-7-R010,sheet-7-R011,sheet-7-R012,sheet-7-R013,sheet-7-R014,sheet-7-R015,sheet-7-R016,sheet-7-R017,sheet-7-R018,sheet-7-R019,sheet-7-R020,sheet-7-R021,sheet-7-R022,sheet-7-R023,sheet-7-R024,sheet-7-R025,sheet-7-R026,sheet-7-R027,sheet-7-R028,sheet-7-R029,sheet-7-R030,sheet-7-R031,sheet-7-R032,sheet-7-R033,sheet-7-R034,sheet-7-R036		実行結果詳細  ※主にDBの登録・更新結果について記載
sheet-7-R036	0416	sheet-7	WAF不正アクセスログ集計処理	機能仕様	61	1056	sheet-7-B013			sheet-7-R008,sheet-7-R009,sheet-7-R010,sheet-7-R011,sheet-7-R012,sheet-7-R013,sheet-7-R014,sheet-7-R015,sheet-7-R016,sheet-7-R017,sheet-7-R018,sheet-7-R019,sheet-7-R020,sheet-7-R021,sheet-7-R022,sheet-7-R023,sheet-7-R024,sheet-7-R025,sheet-7-R026,sheet-7-R027,sheet-7-R028,sheet-7-R029,sheet-7-R030,sheet-7-R031,sheet-7-R032,sheet-7-R033,sheet-7-R034,sheet-7-R035		エラーハンドリング
sheet-8-R001	0416	sheet-8	月次商品情報スナップショット	処理概要	23	1101	sheet-8-B014					処理内容
sheet-8-R002	0416	sheet-8	月次商品情報スナップショット	機能仕様	26	1104	sheet-8-B015			sheet-8-R003,sheet-8-R004,sheet-8-R005		月初に店舗・在庫場所・商品規格ごとに一部の事項を抽出し、結果をS3に保存する
sheet-8-R003	0416	sheet-8	月次商品情報スナップショット	機能仕様	27	1105	sheet-8-B015			sheet-8-R002,sheet-8-R004,sheet-8-R005		本店支店含め全店舗出力を行う
sheet-8-R004	0416	sheet-8	月次商品情報スナップショット	機能仕様	28	1106	sheet-8-B015			sheet-8-R002,sheet-8-R003,sheet-8-R005		実行環境
sheet-8-R005	0416	sheet-8	月次商品情報スナップショット	機能仕様	29	1107	sheet-8-B015			sheet-8-R002,sheet-8-R003,sheet-8-R004		バッチ処理用EC2インスタンス
sheet-8-R006	0416	sheet-8	月次商品情報スナップショット	機能仕様	31	1109	sheet-8-B016			sheet-8-R007		機能仕様処理内容
sheet-8-R007	0416	sheet-8	月次商品情報スナップショット	機能仕様	32	1110	sheet-8-B016			sheet-8-R006		①　本番DBの最新スナップショットを取得する
sheet-8-R008	0416	sheet-8	月次商品情報スナップショット	機能仕様	33	1111	sheet-8-B017	★現行はprd-branch-db-clusterという名称でスナップショットの検索を行い、最新のものを取得しているが、リニューアル後の環境に合わせる	★	sheet-8-R009,sheet-8-R010,sheet-8-R011,sheet-8-R012,sheet-8-R013,sheet-8-R014,sheet-8-R015,sheet-8-R016		★現行はprd-branch-db-clusterという名称でスナップショットの検索を行い、最新のものを取得しているが、リニューアル後の環境に合わせる
sheet-8-R009	0416	sheet-8	月次商品情報スナップショット	機能仕様	34	1112	sheet-8-B017	★現行はprd-branch-db-clusterという名称でスナップショットの検索を行い、最新のものを取得しているが、リニューアル後の環境に合わせる	★	sheet-8-R008,sheet-8-R010,sheet-8-R011,sheet-8-R012,sheet-8-R013,sheet-8-R014,sheet-8-R015,sheet-8-R016		②　一時的なDBクラスタとインスタンスの作成
sheet-8-R010	0416	sheet-8	月次商品情報スナップショット	機能仕様	35	1113	sheet-8-B017	★現行はprd-branch-db-clusterという名称でスナップショットの検索を行い、最新のものを取得しているが、リニューアル後の環境に合わせる	★	sheet-8-R008,sheet-8-R009,sheet-8-R011,sheet-8-R012,sheet-8-R013,sheet-8-R014,sheet-8-R015,sheet-8-R016		・抽出したスナップショットからクラスタを復元
sheet-8-R011	0416	sheet-8	月次商品情報スナップショット	機能仕様	36	1114	sheet-8-B017	★現行はprd-branch-db-clusterという名称でスナップショットの検索を行い、最新のものを取得しているが、リニューアル後の環境に合わせる	★	sheet-8-R008,sheet-8-R009,sheet-8-R010,sheet-8-R012,sheet-8-R013,sheet-8-R014,sheet-8-R015,sheet-8-R016		・名前はmonthly-inventory-checkとする
sheet-8-R012	0416	sheet-8	月次商品情報スナップショット	機能仕様	37	1115	sheet-8-B017	★現行はprd-branch-db-clusterという名称でスナップショットの検索を行い、最新のものを取得しているが、リニューアル後の環境に合わせる	★	sheet-8-R008,sheet-8-R009,sheet-8-R010,sheet-8-R011,sheet-8-R013,sheet-8-R014,sheet-8-R015,sheet-8-R016		・クラスタ内にDBインスタンスを作成する
sheet-8-R013	0416	sheet-8	月次商品情報スナップショット	機能仕様	38	1116	sheet-8-B017	★現行はprd-branch-db-clusterという名称でスナップショットの検索を行い、最新のものを取得しているが、リニューアル後の環境に合わせる	★	sheet-8-R008,sheet-8-R009,sheet-8-R010,sheet-8-R011,sheet-8-R012,sheet-8-R014,sheet-8-R015,sheet-8-R016		・名前はrestore-for-inventoryとする
sheet-8-R014	0416	sheet-8	月次商品情報スナップショット	機能仕様	39	1117	sheet-8-B017	★現行はprd-branch-db-clusterという名称でスナップショットの検索を行い、最新のものを取得しているが、リニューアル後の環境に合わせる	★	sheet-8-R008,sheet-8-R009,sheet-8-R010,sheet-8-R011,sheet-8-R012,sheet-8-R013,sheet-8-R015,sheet-8-R016		・データベースが完全に立ち上がり利用可能になるまで30分のスリープを入れる ※30分で終わらないようであれば延ばす
sheet-8-R015	0416	sheet-8	月次商品情報スナップショット	機能仕様	40	1118	sheet-8-B017	★現行はprd-branch-db-clusterという名称でスナップショットの検索を行い、最新のものを取得しているが、リニューアル後の環境に合わせる	★	sheet-8-R008,sheet-8-R009,sheet-8-R010,sheet-8-R011,sheet-8-R012,sheet-8-R013,sheet-8-R014,sheet-8-R016		③　一時的なDBインスタンスに対してクエリを実行し、実行結果をZIPに圧縮する
sheet-8-R016	0416	sheet-8	月次商品情報スナップショット	機能仕様	41	1119	sheet-8-B017	★現行はprd-branch-db-clusterという名称でスナップショットの検索を行い、最新のものを取得しているが、リニューアル後の環境に合わせる	★	sheet-8-R008,sheet-8-R009,sheet-8-R010,sheet-8-R011,sheet-8-R012,sheet-8-R013,sheet-8-R014,sheet-8-R015		・以下の条件で取得を行う
sheet-8-R017	0416	sheet-8	月次商品情報スナップショット	機能仕様	42	1120	sheet-8-B018	★商品規格の公開フラグが1: 公開となっているもの（現行だとvisibleを見ているので、見るカラムを変更する）	★			★商品規格の公開フラグが1: 公開となっているもの（現行だとvisibleを見ているので、見るカラムを変更する）
sheet-8-R018	0416	sheet-8	月次商品情報スナップショット	機能仕様	43	1121	sheet-8-B019	★商品在庫に紐づく店舗が閉店でないこと（現行だとテスト店舗フラグを見ているが、テスト店舗フラグはなくなるので、見るカラムを変更する）	★			★商品在庫に紐づく店舗が閉店でないこと（現行だとテスト店舗フラグを見ているが、テスト店舗フラグはなくなるので、見るカラムを変更する）
sheet-8-R019	0416	sheet-8	月次商品情報スナップショット	機能仕様	44	1122	sheet-8-B020	★本店支店含め全店舗出力を行う（現行は本店と支店でDBが分かれていたためそれぞれ出力していたが、リニューアル後は統一されるため全店舗出力を行う）	★	sheet-8-R020,sheet-8-R021,sheet-8-R022,sheet-8-R023,sheet-8-R024		★本店支店含め全店舗出力を行う（現行は本店と支店でDBが分かれていたためそれぞれ出力していたが、リニューアル後は統一されるため全店舗出力を行う）
sheet-8-R020	0416	sheet-8	月次商品情報スナップショット	機能仕様	45	1123	sheet-8-B020	★本店支店含め全店舗出力を行う（現行は本店と支店でDBが分かれていたためそれぞれ出力していたが、リニューアル後は統一されるため全店舗出力を行う）	★	sheet-8-R019,sheet-8-R021,sheet-8-R022,sheet-8-R023,sheet-8-R024		・出力項目は以下とする
sheet-8-R021	0416	sheet-8	月次商品情報スナップショット	機能仕様	46	1124	sheet-8-B020	★本店支店含め全店舗出力を行う（現行は本店と支店でDBが分かれていたためそれぞれ出力していたが、リニューアル後は統一されるため全店舗出力を行う）	★	sheet-8-R019,sheet-8-R020,sheet-8-R022,sheet-8-R023,sheet-8-R024		・商品コード
sheet-8-R022	0416	sheet-8	月次商品情報スナップショット	機能仕様	47	1125	sheet-8-B020	★本店支店含め全店舗出力を行う（現行は本店と支店でDBが分かれていたためそれぞれ出力していたが、リニューアル後は統一されるため全店舗出力を行う）	★	sheet-8-R019,sheet-8-R020,sheet-8-R021,sheet-8-R023,sheet-8-R024		・販売価格
sheet-8-R023	0416	sheet-8	月次商品情報スナップショット	機能仕様	48	1126	sheet-8-B020	★本店支店含め全店舗出力を行う（現行は本店と支店でDBが分かれていたためそれぞれ出力していたが、リニューアル後は統一されるため全店舗出力を行う）	★	sheet-8-R019,sheet-8-R020,sheet-8-R021,sheet-8-R022,sheet-8-R024		・買取価格
sheet-8-R024	0416	sheet-8	月次商品情報スナップショット	機能仕様	49	1127	sheet-8-B020	★本店支店含め全店舗出力を行う（現行は本店と支店でDBが分かれていたためそれぞれ出力していたが、リニューアル後は統一されるため全店舗出力を行う）	★	sheet-8-R019,sheet-8-R020,sheet-8-R021,sheet-8-R022,sheet-8-R023		・店舗名
sheet-8-R025	0416	sheet-8	月次商品情報スナップショット	機能仕様	50	1128	sheet-8-B021	★在庫区分名（ECCUBEまたはスマレジ、在庫は店舗ごと在庫区分ごとに持つため必要となる）	★	sheet-8-R026,sheet-8-R027,sheet-8-R028,sheet-8-R029		★在庫区分名（ECCUBEまたはスマレジ、在庫は店舗ごと在庫区分ごとに持つため必要となる）
sheet-8-R026	0416	sheet-8	月次商品情報スナップショット	機能仕様	51	1129	sheet-8-B021	★在庫区分名（ECCUBEまたはスマレジ、在庫は店舗ごと在庫区分ごとに持つため必要となる）	★	sheet-8-R025,sheet-8-R027,sheet-8-R028,sheet-8-R029		・在庫数
sheet-8-R027	0416	sheet-8	月次商品情報スナップショット	機能仕様	52	1130	sheet-8-B021	★在庫区分名（ECCUBEまたはスマレジ、在庫は店舗ごと在庫区分ごとに持つため必要となる）	★	sheet-8-R025,sheet-8-R026,sheet-8-R028,sheet-8-R029		・並び順は以下とする
sheet-8-R028	0416	sheet-8	月次商品情報スナップショット	機能仕様	53	1131	sheet-8-B021	★在庫区分名（ECCUBEまたはスマレジ、在庫は店舗ごと在庫区分ごとに持つため必要となる）	★	sheet-8-R025,sheet-8-R026,sheet-8-R027,sheet-8-R029		・店舗IDの昇順、在庫区分名（EC、スマレジの順）
sheet-8-R029	0416	sheet-8	月次商品情報スナップショット	機能仕様	54	1132	sheet-8-B021	★在庫区分名（ECCUBEまたはスマレジ、在庫は店舗ごと在庫区分ごとに持つため必要となる）	★	sheet-8-R025,sheet-8-R026,sheet-8-R027,sheet-8-R028		・ZIPファイルの名前は以下とする
sheet-8-R030	0416	sheet-8	月次商品情報スナップショット	機能仕様	55	1133	sheet-8-B022	★stock_YYYYMMDD.txt.zip（現行はbranch_YYYYMMDD.txt.zipだが、支店のみの在庫を出すわけではないため）	★	sheet-8-R031,sheet-8-R032,sheet-8-R033,sheet-8-R034,sheet-8-R035,sheet-8-R036,sheet-8-R037,sheet-8-R038,sheet-8-R039,sheet-8-R040		★stock_YYYYMMDD.txt.zip（現行はbranch_YYYYMMDD.txt.zipだが、支店のみの在庫を出すわけではないため）
sheet-8-R031	0416	sheet-8	月次商品情報スナップショット	機能仕様	56	1134	sheet-8-B022	★stock_YYYYMMDD.txt.zip（現行はbranch_YYYYMMDD.txt.zipだが、支店のみの在庫を出すわけではないため）	★	sheet-8-R030,sheet-8-R032,sheet-8-R033,sheet-8-R034,sheet-8-R035,sheet-8-R036,sheet-8-R037,sheet-8-R038,sheet-8-R039,sheet-8-R040		④　③で作ったZIPファイルをS3にアップロードする
sheet-8-R032	0416	sheet-8	月次商品情報スナップショット	機能仕様	57	1135	sheet-8-B022	★stock_YYYYMMDD.txt.zip（現行はbranch_YYYYMMDD.txt.zipだが、支店のみの在庫を出すわけではないため）	★	sheet-8-R030,sheet-8-R031,sheet-8-R033,sheet-8-R034,sheet-8-R035,sheet-8-R036,sheet-8-R037,sheet-8-R038,sheet-8-R039,sheet-8-R040		・アップロード先のバケットはs3://inventorycheck/とする
sheet-8-R033	0416	sheet-8	月次商品情報スナップショット	機能仕様	58	1136	sheet-8-B022	★stock_YYYYMMDD.txt.zip（現行はbranch_YYYYMMDD.txt.zipだが、支店のみの在庫を出すわけではないため）	★	sheet-8-R030,sheet-8-R031,sheet-8-R032,sheet-8-R034,sheet-8-R035,sheet-8-R036,sheet-8-R037,sheet-8-R038,sheet-8-R039,sheet-8-R040		⑤　②で作成した一時的なDBクラスタとインスタンスを削除する
sheet-8-R034	0416	sheet-8	月次商品情報スナップショット	機能仕様	59	1137	sheet-8-B022	★stock_YYYYMMDD.txt.zip（現行はbranch_YYYYMMDD.txt.zipだが、支店のみの在庫を出すわけではないため）	★	sheet-8-R030,sheet-8-R031,sheet-8-R032,sheet-8-R033,sheet-8-R035,sheet-8-R036,sheet-8-R037,sheet-8-R038,sheet-8-R039,sheet-8-R040		実行トリガー　スケジュール起動(Step Functions)　実行タイミング　毎月1日 午前1時
sheet-8-R035	0416	sheet-8	月次商品情報スナップショット	機能仕様	60	1138	sheet-8-B022	★stock_YYYYMMDD.txt.zip（現行はbranch_YYYYMMDD.txt.zipだが、支店のみの在庫を出すわけではないため）	★	sheet-8-R030,sheet-8-R031,sheet-8-R032,sheet-8-R033,sheet-8-R034,sheet-8-R036,sheet-8-R037,sheet-8-R038,sheet-8-R039,sheet-8-R040		入力データ元　DB　出力先(フォーマット)　AWS S3
sheet-8-R036	0416	sheet-8	月次商品情報スナップショット	機能仕様	61	1139	sheet-8-B022	★stock_YYYYMMDD.txt.zip（現行はbranch_YYYYMMDD.txt.zipだが、支店のみの在庫を出すわけではないため）	★	sheet-8-R030,sheet-8-R031,sheet-8-R032,sheet-8-R033,sheet-8-R034,sheet-8-R035,sheet-8-R037,sheet-8-R038,sheet-8-R039,sheet-8-R040		入力データ詳細
sheet-8-R037	0416	sheet-8	月次商品情報スナップショット	機能仕様	62	1140	sheet-8-B022	★stock_YYYYMMDD.txt.zip（現行はbranch_YYYYMMDD.txt.zipだが、支店のみの在庫を出すわけではないため）	★	sheet-8-R030,sheet-8-R031,sheet-8-R032,sheet-8-R033,sheet-8-R034,sheet-8-R035,sheet-8-R036,sheet-8-R038,sheet-8-R039,sheet-8-R040		入力データ検索条件
sheet-8-R038	0416	sheet-8	月次商品情報スナップショット	機能仕様	63	1141	sheet-8-B022	★stock_YYYYMMDD.txt.zip（現行はbranch_YYYYMMDD.txt.zipだが、支店のみの在庫を出すわけではないため）	★	sheet-8-R030,sheet-8-R031,sheet-8-R032,sheet-8-R033,sheet-8-R034,sheet-8-R035,sheet-8-R036,sheet-8-R037,sheet-8-R039,sheet-8-R040		項目名　条件　備考
sheet-8-R039	0416	sheet-8	月次商品情報スナップショット	機能仕様	64	1142	sheet-8-B022	★stock_YYYYMMDD.txt.zip（現行はbranch_YYYYMMDD.txt.zipだが、支店のみの在庫を出すわけではないため）	★	sheet-8-R030,sheet-8-R031,sheet-8-R032,sheet-8-R033,sheet-8-R034,sheet-8-R035,sheet-8-R036,sheet-8-R037,sheet-8-R038,sheet-8-R040		実行結果詳細  ※主にDBの登録・更新結果について記載
sheet-8-R040	0416	sheet-8	月次商品情報スナップショット	機能仕様	65	1143	sheet-8-B022	★stock_YYYYMMDD.txt.zip（現行はbranch_YYYYMMDD.txt.zipだが、支店のみの在庫を出すわけではないため）	★	sheet-8-R030,sheet-8-R031,sheet-8-R032,sheet-8-R033,sheet-8-R034,sheet-8-R035,sheet-8-R036,sheet-8-R037,sheet-8-R038,sheet-8-R039		エラーハンドリング
sheet-9-R001	0416	sheet-9	Redash用データベース作成	処理概要	23	1168	sheet-9-B023					処理内容
sheet-9-R002	0416	sheet-9	Redash用データベース作成	機能仕様	26	1171	sheet-9-B024			sheet-9-R003,sheet-9-R004,sheet-9-R005,sheet-9-R006		分析用Redash用データベースを作成する
sheet-9-R003	0416	sheet-9	Redash用データベース作成	機能仕様	27	1172	sheet-9-B024			sheet-9-R002,sheet-9-R004,sheet-9-R005,sheet-9-R006		機能
sheet-9-R004	0416	sheet-9	Redash用データベース作成	機能仕様	28	1173	sheet-9-B024			sheet-9-R002,sheet-9-R003,sheet-9-R005,sheet-9-R006		稼働データベースとは別のデータベースを用意し、Redashで分析するためのデータを作成する
sheet-9-R005	0416	sheet-9	Redash用データベース作成	機能仕様	29	1174	sheet-9-B024			sheet-9-R002,sheet-9-R003,sheet-9-R004,sheet-9-R006		実行環境
sheet-9-R006	0416	sheet-9	Redash用データベース作成	機能仕様	30	1175	sheet-9-B024			sheet-9-R002,sheet-9-R003,sheet-9-R004,sheet-9-R005		バッチ処理用EC2インスタンス
sheet-9-R007	0416	sheet-9	Redash用データベース作成	機能仕様	32	1177	sheet-9-B025			sheet-9-R008,sheet-9-R009,sheet-9-R010,sheet-9-R011,sheet-9-R012,sheet-9-R013,sheet-9-R014,sheet-9-R015,sheet-9-R016,sheet-9-R017,sheet-9-R018,sheet-9-R019		機能仕様処理内容
sheet-9-R008	0416	sheet-9	Redash用データベース作成	機能仕様	33	1178	sheet-9-B025			sheet-9-R007,sheet-9-R009,sheet-9-R010,sheet-9-R011,sheet-9-R012,sheet-9-R013,sheet-9-R014,sheet-9-R015,sheet-9-R016,sheet-9-R017,sheet-9-R018,sheet-9-R019		・本番データベースをスナップショットを行い、Redash用データベースを作成する
sheet-9-R009	0416	sheet-9	Redash用データベース作成	機能仕様	34	1179	sheet-9-B025			sheet-9-R007,sheet-9-R008,sheet-9-R010,sheet-9-R011,sheet-9-R012,sheet-9-R013,sheet-9-R014,sheet-9-R015,sheet-9-R016,sheet-9-R017,sheet-9-R018,sheet-9-R019		・Redash用データベースから以下の情報を行う
sheet-9-R010	0416	sheet-9	Redash用データベース作成	機能仕様	35	1180	sheet-9-B025			sheet-9-R007,sheet-9-R008,sheet-9-R009,sheet-9-R011,sheet-9-R012,sheet-9-R013,sheet-9-R014,sheet-9-R015,sheet-9-R016,sheet-9-R017,sheet-9-R018,sheet-9-R019		・スマレジ用接続IDの削除
sheet-9-R011	0416	sheet-9	Redash用データベース作成	機能仕様	36	1181	sheet-9-B025			sheet-9-R007,sheet-9-R008,sheet-9-R009,sheet-9-R010,sheet-9-R012,sheet-9-R013,sheet-9-R014,sheet-9-R015,sheet-9-R016,sheet-9-R017,sheet-9-R018,sheet-9-R019		・スマレジ用アクセストークンの削除
sheet-9-R012	0416	sheet-9	Redash用データベース作成	機能仕様	37	1182	sheet-9-B025			sheet-9-R007,sheet-9-R008,sheet-9-R009,sheet-9-R010,sheet-9-R011,sheet-9-R013,sheet-9-R014,sheet-9-R015,sheet-9-R016,sheet-9-R017,sheet-9-R018,sheet-9-R019		・注文ステータスが「注文取消し」「発送済み」のスマレジ削除フラグをONに変更
sheet-9-R013	0416	sheet-9	Redash用データベース作成	機能仕様	38	1183	sheet-9-B025			sheet-9-R007,sheet-9-R008,sheet-9-R009,sheet-9-R010,sheet-9-R011,sheet-9-R012,sheet-9-R014,sheet-9-R015,sheet-9-R016,sheet-9-R017,sheet-9-R018,sheet-9-R019		実行トリガー　スケジュール起動(Step Functions)　実行タイミング　毎日午前4時
sheet-9-R014	0416	sheet-9	Redash用データベース作成	機能仕様	39	1184	sheet-9-B025			sheet-9-R007,sheet-9-R008,sheet-9-R009,sheet-9-R010,sheet-9-R011,sheet-9-R012,sheet-9-R013,sheet-9-R015,sheet-9-R016,sheet-9-R017,sheet-9-R018,sheet-9-R019		入力データ元　DB　出力先(フォーマット)　DB
sheet-9-R015	0416	sheet-9	Redash用データベース作成	機能仕様	40	1185	sheet-9-B025			sheet-9-R007,sheet-9-R008,sheet-9-R009,sheet-9-R010,sheet-9-R011,sheet-9-R012,sheet-9-R013,sheet-9-R014,sheet-9-R016,sheet-9-R017,sheet-9-R018,sheet-9-R019		入力データ詳細
sheet-9-R016	0416	sheet-9	Redash用データベース作成	機能仕様	41	1186	sheet-9-B025			sheet-9-R007,sheet-9-R008,sheet-9-R009,sheet-9-R010,sheet-9-R011,sheet-9-R012,sheet-9-R013,sheet-9-R014,sheet-9-R015,sheet-9-R017,sheet-9-R018,sheet-9-R019		入力データ検索条件
sheet-9-R017	0416	sheet-9	Redash用データベース作成	機能仕様	42	1187	sheet-9-B025			sheet-9-R007,sheet-9-R008,sheet-9-R009,sheet-9-R010,sheet-9-R011,sheet-9-R012,sheet-9-R013,sheet-9-R014,sheet-9-R015,sheet-9-R016,sheet-9-R018,sheet-9-R019		項目名　条件　備考
sheet-9-R018	0416	sheet-9	Redash用データベース作成	機能仕様	43	1188	sheet-9-B025			sheet-9-R007,sheet-9-R008,sheet-9-R009,sheet-9-R010,sheet-9-R011,sheet-9-R012,sheet-9-R013,sheet-9-R014,sheet-9-R015,sheet-9-R016,sheet-9-R017,sheet-9-R019		実行結果詳細  ※主にDBの登録・更新結果について記載
sheet-9-R019	0416	sheet-9	Redash用データベース作成	機能仕様	44	1189	sheet-9-B025			sheet-9-R007,sheet-9-R008,sheet-9-R009,sheet-9-R010,sheet-9-R011,sheet-9-R012,sheet-9-R013,sheet-9-R014,sheet-9-R015,sheet-9-R016,sheet-9-R017,sheet-9-R018		エラーハンドリング
sheet-10-R001	0416	sheet-10	EC-CUBE 同期ディレクトリ処理バッチ	処理概要	23	1214	sheet-10-B026					処理内容
sheet-10-R002	0416	sheet-10	EC-CUBE 同期ディレクトリ処理バッチ	機能仕様	26	1217	sheet-10-B027			sheet-10-R003,sheet-10-R004,sheet-10-R005,sheet-10-R006,sheet-10-R007,sheet-10-R008		EC-CUBE 同期ディレクトリ処理バッチ
sheet-10-R003	0416	sheet-10	EC-CUBE 同期ディレクトリ処理バッチ	機能仕様	27	1218	sheet-10-B027			sheet-10-R002,sheet-10-R004,sheet-10-R005,sheet-10-R006,sheet-10-R007,sheet-10-R008		機能
sheet-10-R004	0416	sheet-10	EC-CUBE 同期ディレクトリ処理バッチ	機能仕様	28	1219	sheet-10-B027			sheet-10-R002,sheet-10-R003,sheet-10-R005,sheet-10-R006,sheet-10-R007,sheet-10-R008		EC-CUBE内の特定ディレクトリとS3バケットの同期処理
sheet-10-R005	0416	sheet-10	EC-CUBE 同期ディレクトリ処理バッチ	機能仕様	29	1220	sheet-10-B027			sheet-10-R002,sheet-10-R003,sheet-10-R004,sheet-10-R006,sheet-10-R007,sheet-10-R008		実行環境
sheet-10-R006	0416	sheet-10	EC-CUBE 同期ディレクトリ処理バッチ	機能仕様	30	1221	sheet-10-B027			sheet-10-R002,sheet-10-R003,sheet-10-R004,sheet-10-R005,sheet-10-R007,sheet-10-R008		ECサーバFargate
sheet-10-R007	0416	sheet-10	EC-CUBE 同期ディレクトリ処理バッチ	機能仕様	31	1222	sheet-10-B027			sheet-10-R002,sheet-10-R003,sheet-10-R004,sheet-10-R005,sheet-10-R006,sheet-10-R008		※ECRからECサーバFargateを読み込みFargateで実行
sheet-10-R008	0416	sheet-10	EC-CUBE 同期ディレクトリ処理バッチ	機能仕様	32	1223	sheet-10-B027			sheet-10-R002,sheet-10-R003,sheet-10-R004,sheet-10-R005,sheet-10-R006,sheet-10-R007		※バッチ処理用EC2インスタンスからAWS Systems Manager Run Commandを使ってバッチ起動
sheet-10-R009	0416	sheet-10	EC-CUBE 同期ディレクトリ処理バッチ	機能仕様	34	1225	sheet-10-B028			sheet-10-R010,sheet-10-R011,sheet-10-R012		機能仕様処理内容
sheet-10-R010	0416	sheet-10	EC-CUBE 同期ディレクトリ処理バッチ	機能仕様	35	1226	sheet-10-B028			sheet-10-R009,sheet-10-R011,sheet-10-R012		・ファイル同期処理スキップ
sheet-10-R011	0416	sheet-10	EC-CUBE 同期ディレクトリ処理バッチ	機能仕様	36	1227	sheet-10-B028			sheet-10-R009,sheet-10-R010,sheet-10-R012		同じバッチが同時に起動しないように、ロックファイル有無チェックを行い、存在する場合には処理を終了する。
sheet-10-R012	0416	sheet-10	EC-CUBE 同期ディレクトリ処理バッチ	機能仕様	37	1228	sheet-10-B028			sheet-10-R009,sheet-10-R010,sheet-10-R011		存在しない場合には、ロックファイルを作成し、バッチが終了(強制終了・異常終了含む)した場合にファイル削除を行う。
sheet-10-R013	0416	sheet-10	EC-CUBE 同期ディレクトリ処理バッチ	機能仕様	38	1229	sheet-10-B029	★S3バケットとEC-CUBE特定ディレクトリの同期処理	★	sheet-10-R014,sheet-10-R015,sheet-10-R016,sheet-10-R017		★S3バケットとEC-CUBE特定ディレクトリの同期処理
sheet-10-R014	0416	sheet-10	EC-CUBE 同期ディレクトリ処理バッチ	機能仕様	39	1230	sheet-10-B029	★S3バケットとEC-CUBE特定ディレクトリの同期処理	★	sheet-10-R013,sheet-10-R015,sheet-10-R016,sheet-10-R017		下記S3パスおよびディレクトリおよびファイルの同期処理を行う
sheet-10-R015	0416	sheet-10	EC-CUBE 同期ディレクトリ処理バッチ	機能仕様	40	1231	sheet-10-B029	★S3バケットとEC-CUBE特定ディレクトリの同期処理	★	sheet-10-R013,sheet-10-R014,sheet-10-R016,sheet-10-R017		・S3パス :  s3://[S3バケット名]/app/template/default　→　EC-CUBE 同期ディレクトリ : /var/ec-cube/app/template/default
sheet-10-R016	0416	sheet-10	EC-CUBE 同期ディレクトリ処理バッチ	機能仕様	41	1232	sheet-10-B029	★S3バケットとEC-CUBE特定ディレクトリの同期処理	★	sheet-10-R013,sheet-10-R014,sheet-10-R015,sheet-10-R017		・S3パス :  s3://[S3バケット名]/app/template/user_data　→　EC-CUBE 同期ディレクトリ : /var/ec-cube/app/template/user_data
sheet-10-R017	0416	sheet-10	EC-CUBE 同期ディレクトリ処理バッチ	機能仕様	42	1233	sheet-10-B029	★S3バケットとEC-CUBE特定ディレクトリの同期処理	★	sheet-10-R013,sheet-10-R014,sheet-10-R015,sheet-10-R016		・S3パス :  s3://[S3バケット名]/html/user_data　→　EC-CUBE 同期ディレクトリ : /var/ec-cube/html/user_data
sheet-10-R018	0416	sheet-10	EC-CUBE 同期ディレクトリ処理バッチ	機能仕様	43	1234	sheet-10-B030	★S3パス :  s3://[S3バケット名]/html/sitemap.xml　→　EC-CUBE 同期ディレクトリ : /var/ec-cube/html/sitemap.xml	★	sheet-10-R019,sheet-10-R020,sheet-10-R021,sheet-10-R022,sheet-10-R023,sheet-10-R024,sheet-10-R025,sheet-10-R026,sheet-10-R027,sheet-10-R028,sheet-10-R029,sheet-10-R030,sheet-10-R031,sheet-10-R032,sheet-10-R033,sheet-10-R034,sheet-10-R035		★S3パス :  s3://[S3バケット名]/html/sitemap.xml　→　EC-CUBE 同期ディレクトリ : /var/ec-cube/html/sitemap.xml
sheet-10-R019	0416	sheet-10	EC-CUBE 同期ディレクトリ処理バッチ	機能仕様	44	1235	sheet-10-B030	★S3パス :  s3://[S3バケット名]/html/sitemap.xml　→　EC-CUBE 同期ディレクトリ : /var/ec-cube/html/sitemap.xml	★	sheet-10-R018,sheet-10-R020,sheet-10-R021,sheet-10-R022,sheet-10-R023,sheet-10-R024,sheet-10-R025,sheet-10-R026,sheet-10-R027,sheet-10-R028,sheet-10-R029,sheet-10-R030,sheet-10-R031,sheet-10-R032,sheet-10-R033,sheet-10-R034,sheet-10-R035		※カスタマイズ時にサイトマップ同期も当スクリプトに追加
sheet-10-R020	0416	sheet-10	EC-CUBE 同期ディレクトリ処理バッチ	機能仕様	45	1236	sheet-10-B030	★S3パス :  s3://[S3バケット名]/html/sitemap.xml　→　EC-CUBE 同期ディレクトリ : /var/ec-cube/html/sitemap.xml	★	sheet-10-R018,sheet-10-R019,sheet-10-R021,sheet-10-R022,sheet-10-R023,sheet-10-R024,sheet-10-R025,sheet-10-R026,sheet-10-R027,sheet-10-R028,sheet-10-R029,sheet-10-R030,sheet-10-R031,sheet-10-R032,sheet-10-R033,sheet-10-R034,sheet-10-R035		※S3バケット名は環境設定で指定します
sheet-10-R021	0416	sheet-10	EC-CUBE 同期ディレクトリ処理バッチ	機能仕様	46	1237	sheet-10-B030	★S3パス :  s3://[S3バケット名]/html/sitemap.xml　→　EC-CUBE 同期ディレクトリ : /var/ec-cube/html/sitemap.xml	★	sheet-10-R018,sheet-10-R019,sheet-10-R020,sheet-10-R022,sheet-10-R023,sheet-10-R024,sheet-10-R025,sheet-10-R026,sheet-10-R027,sheet-10-R028,sheet-10-R029,sheet-10-R030,sheet-10-R031,sheet-10-R032,sheet-10-R033,sheet-10-R034,sheet-10-R035		・同期条件および処理は以下の通り
sheet-10-R022	0416	sheet-10	EC-CUBE 同期ディレクトリ処理バッチ	機能仕様	47	1238	sheet-10-B030	★S3パス :  s3://[S3バケット名]/html/sitemap.xml　→　EC-CUBE 同期ディレクトリ : /var/ec-cube/html/sitemap.xml	★	sheet-10-R018,sheet-10-R019,sheet-10-R020,sheet-10-R021,sheet-10-R023,sheet-10-R024,sheet-10-R025,sheet-10-R026,sheet-10-R027,sheet-10-R028,sheet-10-R029,sheet-10-R030,sheet-10-R031,sheet-10-R032,sheet-10-R033,sheet-10-R034,sheet-10-R035		・S3内ファイルに新しいファイルがある場合、ファイルダウンロードを行う
sheet-10-R023	0416	sheet-10	EC-CUBE 同期ディレクトリ処理バッチ	機能仕様	48	1239	sheet-10-B030	★S3パス :  s3://[S3バケット名]/html/sitemap.xml　→　EC-CUBE 同期ディレクトリ : /var/ec-cube/html/sitemap.xml	★	sheet-10-R018,sheet-10-R019,sheet-10-R020,sheet-10-R021,sheet-10-R022,sheet-10-R024,sheet-10-R025,sheet-10-R026,sheet-10-R027,sheet-10-R028,sheet-10-R029,sheet-10-R030,sheet-10-R031,sheet-10-R032,sheet-10-R033,sheet-10-R034,sheet-10-R035		・S3内ファイルと同期ディレクトリ内ファイルの更新タイムスタンプが違っている場合、ファイルダウンロードする(exact-timestampsオプション)
sheet-10-R024	0416	sheet-10	EC-CUBE 同期ディレクトリ処理バッチ	機能仕様	49	1240	sheet-10-B030	★S3パス :  s3://[S3バケット名]/html/sitemap.xml　→　EC-CUBE 同期ディレクトリ : /var/ec-cube/html/sitemap.xml	★	sheet-10-R018,sheet-10-R019,sheet-10-R020,sheet-10-R021,sheet-10-R022,sheet-10-R023,sheet-10-R025,sheet-10-R026,sheet-10-R027,sheet-10-R028,sheet-10-R029,sheet-10-R030,sheet-10-R031,sheet-10-R032,sheet-10-R033,sheet-10-R034,sheet-10-R035		・S3内にあったファイルが削除された場合、同期ディレクトリ内にあるファイルも削除する(deleteオプション)
sheet-10-R025	0416	sheet-10	EC-CUBE 同期ディレクトリ処理バッチ	機能仕様	50	1241	sheet-10-B030	★S3パス :  s3://[S3バケット名]/html/sitemap.xml　→　EC-CUBE 同期ディレクトリ : /var/ec-cube/html/sitemap.xml	★	sheet-10-R018,sheet-10-R019,sheet-10-R020,sheet-10-R021,sheet-10-R022,sheet-10-R023,sheet-10-R024,sheet-10-R026,sheet-10-R027,sheet-10-R028,sheet-10-R029,sheet-10-R030,sheet-10-R031,sheet-10-R032,sheet-10-R033,sheet-10-R034,sheet-10-R035		・同期対象のファイルがあった場合、下記の処理を行う
sheet-10-R026	0416	sheet-10	EC-CUBE 同期ディレクトリ処理バッチ	機能仕様	51	1242	sheet-10-B030	★S3パス :  s3://[S3バケット名]/html/sitemap.xml　→　EC-CUBE 同期ディレクトリ : /var/ec-cube/html/sitemap.xml	★	sheet-10-R018,sheet-10-R019,sheet-10-R020,sheet-10-R021,sheet-10-R022,sheet-10-R023,sheet-10-R024,sheet-10-R025,sheet-10-R027,sheet-10-R028,sheet-10-R029,sheet-10-R030,sheet-10-R031,sheet-10-R032,sheet-10-R033,sheet-10-R034,sheet-10-R035		・同期ログをCloudWatchへ送信
sheet-10-R027	0416	sheet-10	EC-CUBE 同期ディレクトリ処理バッチ	機能仕様	52	1243	sheet-10-B030	★S3パス :  s3://[S3バケット名]/html/sitemap.xml　→　EC-CUBE 同期ディレクトリ : /var/ec-cube/html/sitemap.xml	★	sheet-10-R018,sheet-10-R019,sheet-10-R020,sheet-10-R021,sheet-10-R022,sheet-10-R023,sheet-10-R024,sheet-10-R025,sheet-10-R026,sheet-10-R028,sheet-10-R029,sheet-10-R030,sheet-10-R031,sheet-10-R032,sheet-10-R033,sheet-10-R034,sheet-10-R035		・ファイル権限の再設定
sheet-10-R028	0416	sheet-10	EC-CUBE 同期ディレクトリ処理バッチ	機能仕様	53	1244	sheet-10-B030	★S3パス :  s3://[S3バケット名]/html/sitemap.xml　→　EC-CUBE 同期ディレクトリ : /var/ec-cube/html/sitemap.xml	★	sheet-10-R018,sheet-10-R019,sheet-10-R020,sheet-10-R021,sheet-10-R022,sheet-10-R023,sheet-10-R024,sheet-10-R025,sheet-10-R026,sheet-10-R027,sheet-10-R029,sheet-10-R030,sheet-10-R031,sheet-10-R032,sheet-10-R033,sheet-10-R034,sheet-10-R035		・EC-CUBEのキャッシュクリア
sheet-10-R029	0416	sheet-10	EC-CUBE 同期ディレクトリ処理バッチ	機能仕様	54	1245	sheet-10-B030	★S3パス :  s3://[S3バケット名]/html/sitemap.xml　→　EC-CUBE 同期ディレクトリ : /var/ec-cube/html/sitemap.xml	★	sheet-10-R018,sheet-10-R019,sheet-10-R020,sheet-10-R021,sheet-10-R022,sheet-10-R023,sheet-10-R024,sheet-10-R025,sheet-10-R026,sheet-10-R027,sheet-10-R028,sheet-10-R030,sheet-10-R031,sheet-10-R032,sheet-10-R033,sheet-10-R034,sheet-10-R035		実行トリガー　起動直後・EC2経由の実行(AWS Systems Manager Run Command)　実行タイミング　毎分
sheet-10-R030	0416	sheet-10	EC-CUBE 同期ディレクトリ処理バッチ	機能仕様	55	1246	sheet-10-B030	★S3パス :  s3://[S3バケット名]/html/sitemap.xml　→　EC-CUBE 同期ディレクトリ : /var/ec-cube/html/sitemap.xml	★	sheet-10-R018,sheet-10-R019,sheet-10-R020,sheet-10-R021,sheet-10-R022,sheet-10-R023,sheet-10-R024,sheet-10-R025,sheet-10-R026,sheet-10-R027,sheet-10-R028,sheet-10-R029,sheet-10-R031,sheet-10-R032,sheet-10-R033,sheet-10-R034,sheet-10-R035		入力データ元　S3　出力先(フォーマット)　-
sheet-10-R031	0416	sheet-10	EC-CUBE 同期ディレクトリ処理バッチ	機能仕様	56	1247	sheet-10-B030	★S3パス :  s3://[S3バケット名]/html/sitemap.xml　→　EC-CUBE 同期ディレクトリ : /var/ec-cube/html/sitemap.xml	★	sheet-10-R018,sheet-10-R019,sheet-10-R020,sheet-10-R021,sheet-10-R022,sheet-10-R023,sheet-10-R024,sheet-10-R025,sheet-10-R026,sheet-10-R027,sheet-10-R028,sheet-10-R029,sheet-10-R030,sheet-10-R032,sheet-10-R033,sheet-10-R034,sheet-10-R035		入力データ詳細
sheet-10-R032	0416	sheet-10	EC-CUBE 同期ディレクトリ処理バッチ	機能仕様	57	1248	sheet-10-B030	★S3パス :  s3://[S3バケット名]/html/sitemap.xml　→　EC-CUBE 同期ディレクトリ : /var/ec-cube/html/sitemap.xml	★	sheet-10-R018,sheet-10-R019,sheet-10-R020,sheet-10-R021,sheet-10-R022,sheet-10-R023,sheet-10-R024,sheet-10-R025,sheet-10-R026,sheet-10-R027,sheet-10-R028,sheet-10-R029,sheet-10-R030,sheet-10-R031,sheet-10-R033,sheet-10-R034,sheet-10-R035		入力データ検索条件
sheet-10-R033	0416	sheet-10	EC-CUBE 同期ディレクトリ処理バッチ	機能仕様	58	1249	sheet-10-B030	★S3パス :  s3://[S3バケット名]/html/sitemap.xml　→　EC-CUBE 同期ディレクトリ : /var/ec-cube/html/sitemap.xml	★	sheet-10-R018,sheet-10-R019,sheet-10-R020,sheet-10-R021,sheet-10-R022,sheet-10-R023,sheet-10-R024,sheet-10-R025,sheet-10-R026,sheet-10-R027,sheet-10-R028,sheet-10-R029,sheet-10-R030,sheet-10-R031,sheet-10-R032,sheet-10-R034,sheet-10-R035		項目名　条件　備考
sheet-10-R034	0416	sheet-10	EC-CUBE 同期ディレクトリ処理バッチ	機能仕様	59	1250	sheet-10-B030	★S3パス :  s3://[S3バケット名]/html/sitemap.xml　→　EC-CUBE 同期ディレクトリ : /var/ec-cube/html/sitemap.xml	★	sheet-10-R018,sheet-10-R019,sheet-10-R020,sheet-10-R021,sheet-10-R022,sheet-10-R023,sheet-10-R024,sheet-10-R025,sheet-10-R026,sheet-10-R027,sheet-10-R028,sheet-10-R029,sheet-10-R030,sheet-10-R031,sheet-10-R032,sheet-10-R033,sheet-10-R035		実行結果詳細  ※主にDBの登録・更新結果について記載
sheet-10-R035	0416	sheet-10	EC-CUBE 同期ディレクトリ処理バッチ	機能仕様	60	1251	sheet-10-B030	★S3パス :  s3://[S3バケット名]/html/sitemap.xml　→　EC-CUBE 同期ディレクトリ : /var/ec-cube/html/sitemap.xml	★	sheet-10-R018,sheet-10-R019,sheet-10-R020,sheet-10-R021,sheet-10-R022,sheet-10-R023,sheet-10-R024,sheet-10-R025,sheet-10-R026,sheet-10-R027,sheet-10-R028,sheet-10-R029,sheet-10-R030,sheet-10-R031,sheet-10-R032,sheet-10-R033,sheet-10-R034		エラーハンドリング
sheet-11-R001	0416	sheet-11	サイトマップ生成処理	処理概要	23	1276	sheet-11-B031					処理内容
sheet-11-R002	0416	sheet-11	サイトマップ生成処理	機能仕様	26	1279	sheet-11-B032			sheet-11-R003,sheet-11-R004,sheet-11-R005,sheet-11-R006		晴れる屋フロント側のサイトマップを作成し、S3バケットにアップロードを行う
sheet-11-R003	0416	sheet-11	サイトマップ生成処理	機能仕様	27	1280	sheet-11-B032			sheet-11-R002,sheet-11-R004,sheet-11-R005,sheet-11-R006		機能
sheet-11-R004	0416	sheet-11	サイトマップ生成処理	機能仕様	28	1281	sheet-11-B032			sheet-11-R002,sheet-11-R003,sheet-11-R005,sheet-11-R006		晴れる屋トップページからリンクを辿りながらアクセス可能なURLのリストからサイトマップファイルを作成し、S3にファイルをアップロードする、
sheet-11-R005	0416	sheet-11	サイトマップ生成処理	機能仕様	29	1282	sheet-11-B032			sheet-11-R002,sheet-11-R003,sheet-11-R004,sheet-11-R006		実行環境
sheet-11-R006	0416	sheet-11	サイトマップ生成処理	機能仕様	30	1283	sheet-11-B032			sheet-11-R002,sheet-11-R003,sheet-11-R004,sheet-11-R005		バッチ処理用EC2インスタンス
sheet-11-R007	0416	sheet-11	サイトマップ生成処理	機能仕様	32	1285	sheet-11-B033			sheet-11-R008,sheet-11-R009,sheet-11-R010,sheet-11-R011,sheet-11-R012,sheet-11-R013,sheet-11-R014,sheet-11-R015,sheet-11-R016,sheet-11-R017,sheet-11-R018,sheet-11-R019,sheet-11-R020,sheet-11-R021,sheet-11-R022,sheet-11-R023		前提条件
sheet-11-R008	0416	sheet-11	サイトマップ生成処理	機能仕様	33	1286	sheet-11-B033			sheet-11-R007,sheet-11-R009,sheet-11-R010,sheet-11-R011,sheet-11-R012,sheet-11-R013,sheet-11-R014,sheet-11-R015,sheet-11-R016,sheet-11-R017,sheet-11-R018,sheet-11-R019,sheet-11-R020,sheet-11-R021,sheet-11-R022,sheet-11-R023		・EC-CUBEの標準機能ではなく、公開されているコード(オープンソース)を利用
sheet-11-R009	0416	sheet-11	サイトマップ生成処理	機能仕様	34	1287	sheet-11-B033			sheet-11-R007,sheet-11-R008,sheet-11-R010,sheet-11-R011,sheet-11-R012,sheet-11-R013,sheet-11-R014,sheet-11-R015,sheet-11-R016,sheet-11-R017,sheet-11-R018,sheet-11-R019,sheet-11-R020,sheet-11-R021,sheet-11-R022,sheet-11-R023		(現在のEC-CUBEシステムでも利用していることを確認済み)
sheet-11-R010	0416	sheet-11	サイトマップ生成処理	機能仕様	35	1288	sheet-11-B033			sheet-11-R007,sheet-11-R008,sheet-11-R009,sheet-11-R011,sheet-11-R012,sheet-11-R013,sheet-11-R014,sheet-11-R015,sheet-11-R016,sheet-11-R017,sheet-11-R018,sheet-11-R019,sheet-11-R020,sheet-11-R021,sheet-11-R022,sheet-11-R023		Sitemap-Generator-Crawler
sheet-11-R011	0416	sheet-11	サイトマップ生成処理	機能仕様	36	1289	sheet-11-B033			sheet-11-R007,sheet-11-R008,sheet-11-R009,sheet-11-R010,sheet-11-R012,sheet-11-R013,sheet-11-R014,sheet-11-R015,sheet-11-R016,sheet-11-R017,sheet-11-R018,sheet-11-R019,sheet-11-R020,sheet-11-R021,sheet-11-R022,sheet-11-R023		機能仕様処理内容
sheet-11-R012	0416	sheet-11	サイトマップ生成処理	機能仕様	37	1290	sheet-11-B033			sheet-11-R007,sheet-11-R008,sheet-11-R009,sheet-11-R010,sheet-11-R011,sheet-11-R013,sheet-11-R014,sheet-11-R015,sheet-11-R016,sheet-11-R017,sheet-11-R018,sheet-11-R019,sheet-11-R020,sheet-11-R021,sheet-11-R022,sheet-11-R023		・Sitemap-Generator-Crawlerを使ったサイトマップ作成
sheet-11-R013	0416	sheet-11	サイトマップ生成処理	機能仕様	38	1291	sheet-11-B033			sheet-11-R007,sheet-11-R008,sheet-11-R009,sheet-11-R010,sheet-11-R011,sheet-11-R012,sheet-11-R014,sheet-11-R015,sheet-11-R016,sheet-11-R017,sheet-11-R018,sheet-11-R019,sheet-11-R020,sheet-11-R021,sheet-11-R022,sheet-11-R023		・晴れる屋トップページ(https://www.hareruyamtg.com/)にアクセスし、取得ページを解析しアクセス可能なリンクURLを抽出
sheet-11-R014	0416	sheet-11	サイトマップ生成処理	機能仕様	39	1292	sheet-11-B033			sheet-11-R007,sheet-11-R008,sheet-11-R009,sheet-11-R010,sheet-11-R011,sheet-11-R012,sheet-11-R013,sheet-11-R015,sheet-11-R016,sheet-11-R017,sheet-11-R018,sheet-11-R019,sheet-11-R020,sheet-11-R021,sheet-11-R022,sheet-11-R023		・抽出したリンクURLにアクセスにして更にリンクURLを取得してそのURLにアクセスする処理を繰り返す
sheet-11-R015	0416	sheet-11	サイトマップ生成処理	機能仕様	40	1293	sheet-11-B033			sheet-11-R007,sheet-11-R008,sheet-11-R009,sheet-11-R010,sheet-11-R011,sheet-11-R012,sheet-11-R013,sheet-11-R014,sheet-11-R016,sheet-11-R017,sheet-11-R018,sheet-11-R019,sheet-11-R020,sheet-11-R021,sheet-11-R022,sheet-11-R023		・抽出するリンク先がなくなり次第、今までアクセスしたURLリストを使い、サイトマップファイルを作成する
sheet-11-R016	0416	sheet-11	サイトマップ生成処理	機能仕様	41	1294	sheet-11-B033			sheet-11-R007,sheet-11-R008,sheet-11-R009,sheet-11-R010,sheet-11-R011,sheet-11-R012,sheet-11-R013,sheet-11-R014,sheet-11-R015,sheet-11-R017,sheet-11-R018,sheet-11-R019,sheet-11-R020,sheet-11-R021,sheet-11-R022,sheet-11-R023		※全部のリンクを取得するように設定(階層設定なし)
sheet-11-R017	0416	sheet-11	サイトマップ生成処理	機能仕様	42	1295	sheet-11-B033			sheet-11-R007,sheet-11-R008,sheet-11-R009,sheet-11-R010,sheet-11-R011,sheet-11-R012,sheet-11-R013,sheet-11-R014,sheet-11-R015,sheet-11-R016,sheet-11-R018,sheet-11-R019,sheet-11-R020,sheet-11-R021,sheet-11-R022,sheet-11-R023		・但し、以下のページおよびそれ以降のページは取得しない
sheet-11-R018	0416	sheet-11	サイトマップ生成処理	機能仕様	43	1296	sheet-11-B033			sheet-11-R007,sheet-11-R008,sheet-11-R009,sheet-11-R010,sheet-11-R011,sheet-11-R012,sheet-11-R013,sheet-11-R014,sheet-11-R015,sheet-11-R016,sheet-11-R017,sheet-11-R019,sheet-11-R020,sheet-11-R021,sheet-11-R022,sheet-11-R023		・管理ページ
sheet-11-R019	0416	sheet-11	サイトマップ生成処理	機能仕様	44	1297	sheet-11-B033			sheet-11-R007,sheet-11-R008,sheet-11-R009,sheet-11-R010,sheet-11-R011,sheet-11-R012,sheet-11-R013,sheet-11-R014,sheet-11-R015,sheet-11-R016,sheet-11-R017,sheet-11-R018,sheet-11-R020,sheet-11-R021,sheet-11-R022,sheet-11-R023		・商品検索ページ(日本語・英語)
sheet-11-R020	0416	sheet-11	サイトマップ生成処理	機能仕様	45	1298	sheet-11-B033			sheet-11-R007,sheet-11-R008,sheet-11-R009,sheet-11-R010,sheet-11-R011,sheet-11-R012,sheet-11-R013,sheet-11-R014,sheet-11-R015,sheet-11-R016,sheet-11-R017,sheet-11-R018,sheet-11-R019,sheet-11-R021,sheet-11-R022,sheet-11-R023		・カードリスト購入ページ(日本語・英語)
sheet-11-R021	0416	sheet-11	サイトマップ生成処理	機能仕様	46	1299	sheet-11-B033			sheet-11-R007,sheet-11-R008,sheet-11-R009,sheet-11-R010,sheet-11-R011,sheet-11-R012,sheet-11-R013,sheet-11-R014,sheet-11-R015,sheet-11-R016,sheet-11-R017,sheet-11-R018,sheet-11-R019,sheet-11-R020,sheet-11-R022,sheet-11-R023		・デッキ検索ページ(日本語・英語)
sheet-11-R022	0416	sheet-11	サイトマップ生成処理	機能仕様	47	1300	sheet-11-B033			sheet-11-R007,sheet-11-R008,sheet-11-R009,sheet-11-R010,sheet-11-R011,sheet-11-R012,sheet-11-R013,sheet-11-R014,sheet-11-R015,sheet-11-R016,sheet-11-R017,sheet-11-R018,sheet-11-R019,sheet-11-R020,sheet-11-R021,sheet-11-R023		・イベント情報(日本語・英語)
sheet-11-R023	0416	sheet-11	サイトマップ生成処理	機能仕様	48	1301	sheet-11-B033			sheet-11-R007,sheet-11-R008,sheet-11-R009,sheet-11-R010,sheet-11-R011,sheet-11-R012,sheet-11-R013,sheet-11-R014,sheet-11-R015,sheet-11-R016,sheet-11-R017,sheet-11-R018,sheet-11-R019,sheet-11-R020,sheet-11-R021,sheet-11-R022		・前回(昨日)のサイトマップと今回作成したサイトマップを比較し、差異がある場合はS3にアップロードする
sheet-11-R024	0416	sheet-11	サイトマップ生成処理	機能仕様	49	1302	sheet-11-B034	★カスタマイズ前に使用していたバッチで行っていた「サイトマップの ping エンドポイント」は2023年にサービス終了しているため	★	sheet-11-R025,sheet-11-R026,sheet-11-R027,sheet-11-R028,sheet-11-R029,sheet-11-R030,sheet-11-R031,sheet-11-R032,sheet-11-R033		★カスタマイズ前に使用していたバッチで行っていた「サイトマップの ping エンドポイント」は2023年にサービス終了しているため
sheet-11-R025	0416	sheet-11	サイトマップ生成処理	機能仕様	50	1303	sheet-11-B034	★カスタマイズ前に使用していたバッチで行っていた「サイトマップの ping エンドポイント」は2023年にサービス終了しているため	★	sheet-11-R024,sheet-11-R026,sheet-11-R027,sheet-11-R028,sheet-11-R029,sheet-11-R030,sheet-11-R031,sheet-11-R032,sheet-11-R033		カスタマイズ後のバッチには含めない
sheet-11-R026	0416	sheet-11	サイトマップ生成処理	機能仕様	51	1304	sheet-11-B034	★カスタマイズ前に使用していたバッチで行っていた「サイトマップの ping エンドポイント」は2023年にサービス終了しているため	★	sheet-11-R024,sheet-11-R025,sheet-11-R027,sheet-11-R028,sheet-11-R029,sheet-11-R030,sheet-11-R031,sheet-11-R032,sheet-11-R033		https://developers.google.com/search/blog/2023/06/sitemaps-lastmod-ping?hl=ja#sitemap-ping
sheet-11-R027	0416	sheet-11	サイトマップ生成処理	機能仕様	52	1305	sheet-11-B034	★カスタマイズ前に使用していたバッチで行っていた「サイトマップの ping エンドポイント」は2023年にサービス終了しているため	★	sheet-11-R024,sheet-11-R025,sheet-11-R026,sheet-11-R028,sheet-11-R029,sheet-11-R030,sheet-11-R031,sheet-11-R032,sheet-11-R033		実行トリガー　Eventbridge+Lamdba　実行タイミング　毎日4:00
sheet-11-R028	0416	sheet-11	サイトマップ生成処理	機能仕様	53	1306	sheet-11-B034	★カスタマイズ前に使用していたバッチで行っていた「サイトマップの ping エンドポイント」は2023年にサービス終了しているため	★	sheet-11-R024,sheet-11-R025,sheet-11-R026,sheet-11-R027,sheet-11-R029,sheet-11-R030,sheet-11-R031,sheet-11-R032,sheet-11-R033		入力データ元　晴れる屋サイト(https://www.hareruyamtg.com/)　出力先(フォーマット)　S3
sheet-11-R029	0416	sheet-11	サイトマップ生成処理	機能仕様	54	1307	sheet-11-B034	★カスタマイズ前に使用していたバッチで行っていた「サイトマップの ping エンドポイント」は2023年にサービス終了しているため	★	sheet-11-R024,sheet-11-R025,sheet-11-R026,sheet-11-R027,sheet-11-R028,sheet-11-R030,sheet-11-R031,sheet-11-R032,sheet-11-R033		入力データ詳細
sheet-11-R030	0416	sheet-11	サイトマップ生成処理	機能仕様	55	1308	sheet-11-B034	★カスタマイズ前に使用していたバッチで行っていた「サイトマップの ping エンドポイント」は2023年にサービス終了しているため	★	sheet-11-R024,sheet-11-R025,sheet-11-R026,sheet-11-R027,sheet-11-R028,sheet-11-R029,sheet-11-R031,sheet-11-R032,sheet-11-R033		入力データ検索条件
sheet-11-R031	0416	sheet-11	サイトマップ生成処理	機能仕様	56	1309	sheet-11-B034	★カスタマイズ前に使用していたバッチで行っていた「サイトマップの ping エンドポイント」は2023年にサービス終了しているため	★	sheet-11-R024,sheet-11-R025,sheet-11-R026,sheet-11-R027,sheet-11-R028,sheet-11-R029,sheet-11-R030,sheet-11-R032,sheet-11-R033		項目名　条件　備考
sheet-11-R032	0416	sheet-11	サイトマップ生成処理	機能仕様	57	1310	sheet-11-B034	★カスタマイズ前に使用していたバッチで行っていた「サイトマップの ping エンドポイント」は2023年にサービス終了しているため	★	sheet-11-R024,sheet-11-R025,sheet-11-R026,sheet-11-R027,sheet-11-R028,sheet-11-R029,sheet-11-R030,sheet-11-R031,sheet-11-R033		実行結果詳細  ※主にDBの登録・更新結果について記載
sheet-11-R033	0416	sheet-11	サイトマップ生成処理	機能仕様	58	1311	sheet-11-B034	★カスタマイズ前に使用していたバッチで行っていた「サイトマップの ping エンドポイント」は2023年にサービス終了しているため	★	sheet-11-R024,sheet-11-R025,sheet-11-R026,sheet-11-R027,sheet-11-R028,sheet-11-R029,sheet-11-R030,sheet-11-R031,sheet-11-R032		エラーハンドリング
sheet-12-R001	0416	sheet-12	ステージングデータベース保守バッチ	処理概要	23	1336	sheet-12-B035					処理内容
sheet-12-R002	0416	sheet-12	ステージングデータベース保守バッチ	機能仕様	26	1339	sheet-12-B036			sheet-12-R003,sheet-12-R004,sheet-12-R005,sheet-12-R006		定期的にステージング環境を最新の本番環境に近い状態に保つためのメンテナンス処理を行う
sheet-12-R003	0416	sheet-12	ステージングデータベース保守バッチ	機能仕様	27	1340	sheet-12-B036			sheet-12-R002,sheet-12-R004,sheet-12-R005,sheet-12-R006		機能
sheet-12-R004	0416	sheet-12	ステージングデータベース保守バッチ	機能仕様	28	1341	sheet-12-B036			sheet-12-R002,sheet-12-R003,sheet-12-R005,sheet-12-R006		本番データベースのスナップショットからステージング用にカスタマイズし、ステージングデータベースを作成する
sheet-12-R005	0416	sheet-12	ステージングデータベース保守バッチ	機能仕様	29	1342	sheet-12-B036			sheet-12-R002,sheet-12-R003,sheet-12-R004,sheet-12-R006		実行環境
sheet-12-R006	0416	sheet-12	ステージングデータベース保守バッチ	機能仕様	30	1343	sheet-12-B036			sheet-12-R002,sheet-12-R003,sheet-12-R004,sheet-12-R005		バッチ処理用EC2インスタンス
sheet-12-R007	0416	sheet-12	ステージングデータベース保守バッチ	機能仕様	32	1345	sheet-12-B037			sheet-12-R008,sheet-12-R009,sheet-12-R010,sheet-12-R011,sheet-12-R012,sheet-12-R013,sheet-12-R014,sheet-12-R015,sheet-12-R016,sheet-12-R017,sheet-12-R018,sheet-12-R019,sheet-12-R020,sheet-12-R021,sheet-12-R022,sheet-12-R023,sheet-12-R024,sheet-12-R025,sheet-12-R026,sheet-12-R027,sheet-12-R028,sheet-12-R029,sheet-12-R030		機能仕様処理内容
sheet-12-R008	0416	sheet-12	ステージングデータベース保守バッチ	機能仕様	33	1346	sheet-12-B037			sheet-12-R007,sheet-12-R009,sheet-12-R010,sheet-12-R011,sheet-12-R012,sheet-12-R013,sheet-12-R014,sheet-12-R015,sheet-12-R016,sheet-12-R017,sheet-12-R018,sheet-12-R019,sheet-12-R020,sheet-12-R021,sheet-12-R022,sheet-12-R023,sheet-12-R024,sheet-12-R025,sheet-12-R026,sheet-12-R027,sheet-12-R028,sheet-12-R029,sheet-12-R030		・本番データベースのスナップショットを取得する
sheet-12-R009	0416	sheet-12	ステージングデータベース保守バッチ	機能仕様	34	1347	sheet-12-B037			sheet-12-R007,sheet-12-R008,sheet-12-R010,sheet-12-R011,sheet-12-R012,sheet-12-R013,sheet-12-R014,sheet-12-R015,sheet-12-R016,sheet-12-R017,sheet-12-R018,sheet-12-R019,sheet-12-R020,sheet-12-R021,sheet-12-R022,sheet-12-R023,sheet-12-R024,sheet-12-R025,sheet-12-R026,sheet-12-R027,sheet-12-R028,sheet-12-R029,sheet-12-R030		・テンポラリデータベースを作成し、本番データベースのスナップショットを挿入する
sheet-12-R010	0416	sheet-12	ステージングデータベース保守バッチ	機能仕様	35	1348	sheet-12-B037			sheet-12-R007,sheet-12-R008,sheet-12-R009,sheet-12-R011,sheet-12-R012,sheet-12-R013,sheet-12-R014,sheet-12-R015,sheet-12-R016,sheet-12-R017,sheet-12-R018,sheet-12-R019,sheet-12-R020,sheet-12-R021,sheet-12-R022,sheet-12-R023,sheet-12-R024,sheet-12-R025,sheet-12-R026,sheet-12-R027,sheet-12-R028,sheet-12-R029,sheet-12-R030		・テンポラリデータベースからスマレジIDおよびスマレジトークンを削除する
sheet-12-R011	0416	sheet-12	ステージングデータベース保守バッチ	機能仕様	36	1349	sheet-12-B037			sheet-12-R007,sheet-12-R008,sheet-12-R009,sheet-12-R010,sheet-12-R012,sheet-12-R013,sheet-12-R014,sheet-12-R015,sheet-12-R016,sheet-12-R017,sheet-12-R018,sheet-12-R019,sheet-12-R020,sheet-12-R021,sheet-12-R022,sheet-12-R023,sheet-12-R024,sheet-12-R025,sheet-12-R026,sheet-12-R027,sheet-12-R028,sheet-12-R029,sheet-12-R030		・テンポラリデータベースのスナップショットを生成する
sheet-12-R012	0416	sheet-12	ステージングデータベース保守バッチ	機能仕様	37	1350	sheet-12-B037			sheet-12-R007,sheet-12-R008,sheet-12-R009,sheet-12-R010,sheet-12-R011,sheet-12-R013,sheet-12-R014,sheet-12-R015,sheet-12-R016,sheet-12-R017,sheet-12-R018,sheet-12-R019,sheet-12-R020,sheet-12-R021,sheet-12-R022,sheet-12-R023,sheet-12-R024,sheet-12-R025,sheet-12-R026,sheet-12-R027,sheet-12-R028,sheet-12-R029,sheet-12-R030		・現在のステージング用データベースを削除する
sheet-12-R013	0416	sheet-12	ステージングデータベース保守バッチ	機能仕様	38	1351	sheet-12-B037			sheet-12-R007,sheet-12-R008,sheet-12-R009,sheet-12-R010,sheet-12-R011,sheet-12-R012,sheet-12-R014,sheet-12-R015,sheet-12-R016,sheet-12-R017,sheet-12-R018,sheet-12-R019,sheet-12-R020,sheet-12-R021,sheet-12-R022,sheet-12-R023,sheet-12-R024,sheet-12-R025,sheet-12-R026,sheet-12-R027,sheet-12-R028,sheet-12-R029,sheet-12-R030		・新規にステージングデータベースを作成し、テンポラリデータベースのスナップショットを挿入する
sheet-12-R014	0416	sheet-12	ステージングデータベース保守バッチ	機能仕様	39	1352	sheet-12-B037			sheet-12-R007,sheet-12-R008,sheet-12-R009,sheet-12-R010,sheet-12-R011,sheet-12-R012,sheet-12-R013,sheet-12-R015,sheet-12-R016,sheet-12-R017,sheet-12-R018,sheet-12-R019,sheet-12-R020,sheet-12-R021,sheet-12-R022,sheet-12-R023,sheet-12-R024,sheet-12-R025,sheet-12-R026,sheet-12-R027,sheet-12-R028,sheet-12-R029,sheet-12-R030		・テンポラリデータベースおよびスナップショットファイル削除する
sheet-12-R015	0416	sheet-12	ステージングデータベース保守バッチ	機能仕様	40	1353	sheet-12-B037			sheet-12-R007,sheet-12-R008,sheet-12-R009,sheet-12-R010,sheet-12-R011,sheet-12-R012,sheet-12-R013,sheet-12-R014,sheet-12-R016,sheet-12-R017,sheet-12-R018,sheet-12-R019,sheet-12-R020,sheet-12-R021,sheet-12-R022,sheet-12-R023,sheet-12-R024,sheet-12-R025,sheet-12-R026,sheet-12-R027,sheet-12-R028,sheet-12-R029,sheet-12-R030		・ステージングデータベースにステージング用スマレジIDを追加する
sheet-12-R016	0416	sheet-12	ステージングデータベース保守バッチ	機能仕様	41	1354	sheet-12-B037			sheet-12-R007,sheet-12-R008,sheet-12-R009,sheet-12-R010,sheet-12-R011,sheet-12-R012,sheet-12-R013,sheet-12-R014,sheet-12-R015,sheet-12-R017,sheet-12-R018,sheet-12-R019,sheet-12-R020,sheet-12-R021,sheet-12-R022,sheet-12-R023,sheet-12-R024,sheet-12-R025,sheet-12-R026,sheet-12-R027,sheet-12-R028,sheet-12-R029,sheet-12-R030		・本番S3バケットにある商品画像をステージングS3バケットにある商品画像と同期を行う
sheet-12-R017	0416	sheet-12	ステージングデータベース保守バッチ	機能仕様	42	1355	sheet-12-B037			sheet-12-R007,sheet-12-R008,sheet-12-R009,sheet-12-R010,sheet-12-R011,sheet-12-R012,sheet-12-R013,sheet-12-R014,sheet-12-R015,sheet-12-R016,sheet-12-R018,sheet-12-R019,sheet-12-R020,sheet-12-R021,sheet-12-R022,sheet-12-R023,sheet-12-R024,sheet-12-R025,sheet-12-R026,sheet-12-R027,sheet-12-R028,sheet-12-R029,sheet-12-R030		S3バケット s3://filepool-resized/productのファイル内容を s3://stg-filepool-resized/product へ同期
sheet-12-R018	0416	sheet-12	ステージングデータベース保守バッチ	機能仕様	43	1356	sheet-12-B037			sheet-12-R007,sheet-12-R008,sheet-12-R009,sheet-12-R010,sheet-12-R011,sheet-12-R012,sheet-12-R013,sheet-12-R014,sheet-12-R015,sheet-12-R016,sheet-12-R017,sheet-12-R019,sheet-12-R020,sheet-12-R021,sheet-12-R022,sheet-12-R023,sheet-12-R024,sheet-12-R025,sheet-12-R026,sheet-12-R027,sheet-12-R028,sheet-12-R029,sheet-12-R030		・本番S3バケットにある絵文字(シンボル)をステージングS3バケットにある絵文字(シンボル)と同期を行う
sheet-12-R019	0416	sheet-12	ステージングデータベース保守バッチ	機能仕様	44	1357	sheet-12-B037			sheet-12-R007,sheet-12-R008,sheet-12-R009,sheet-12-R010,sheet-12-R011,sheet-12-R012,sheet-12-R013,sheet-12-R014,sheet-12-R015,sheet-12-R016,sheet-12-R017,sheet-12-R018,sheet-12-R020,sheet-12-R021,sheet-12-R022,sheet-12-R023,sheet-12-R024,sheet-12-R025,sheet-12-R026,sheet-12-R027,sheet-12-R028,sheet-12-R029,sheet-12-R030		S3バケット s3://filepool-resized/setのファイル内容を s3://stg-filepool-resized/set へ同期
sheet-12-R020	0416	sheet-12	ステージングデータベース保守バッチ	機能仕様	45	1358	sheet-12-B037			sheet-12-R007,sheet-12-R008,sheet-12-R009,sheet-12-R010,sheet-12-R011,sheet-12-R012,sheet-12-R013,sheet-12-R014,sheet-12-R015,sheet-12-R016,sheet-12-R017,sheet-12-R018,sheet-12-R019,sheet-12-R021,sheet-12-R022,sheet-12-R023,sheet-12-R024,sheet-12-R025,sheet-12-R026,sheet-12-R027,sheet-12-R028,sheet-12-R029,sheet-12-R030		・個人情報はマスク処理を行う
sheet-12-R021	0416	sheet-12	ステージングデータベース保守バッチ	機能仕様	46	1359	sheet-12-B037			sheet-12-R007,sheet-12-R008,sheet-12-R009,sheet-12-R010,sheet-12-R011,sheet-12-R012,sheet-12-R013,sheet-12-R014,sheet-12-R015,sheet-12-R016,sheet-12-R017,sheet-12-R018,sheet-12-R019,sheet-12-R020,sheet-12-R022,sheet-12-R023,sheet-12-R024,sheet-12-R025,sheet-12-R026,sheet-12-R027,sheet-12-R028,sheet-12-R029,sheet-12-R030		追記情報
sheet-12-R022	0416	sheet-12	ステージングデータベース保守バッチ	機能仕様	47	1360	sheet-12-B037			sheet-12-R007,sheet-12-R008,sheet-12-R009,sheet-12-R010,sheet-12-R011,sheet-12-R012,sheet-12-R013,sheet-12-R014,sheet-12-R015,sheet-12-R016,sheet-12-R017,sheet-12-R018,sheet-12-R019,sheet-12-R020,sheet-12-R021,sheet-12-R023,sheet-12-R024,sheet-12-R025,sheet-12-R026,sheet-12-R027,sheet-12-R028,sheet-12-R029,sheet-12-R030		・データベースのスナップショットやリストア処理が必要であり、バッチ内に処理待ち時間(インターバル)が含まれているため
sheet-12-R023	0416	sheet-12	ステージングデータベース保守バッチ	機能仕様	48	1361	sheet-12-B037			sheet-12-R007,sheet-12-R008,sheet-12-R009,sheet-12-R010,sheet-12-R011,sheet-12-R012,sheet-12-R013,sheet-12-R014,sheet-12-R015,sheet-12-R016,sheet-12-R017,sheet-12-R018,sheet-12-R019,sheet-12-R020,sheet-12-R021,sheet-12-R022,sheet-12-R024,sheet-12-R025,sheet-12-R026,sheet-12-R027,sheet-12-R028,sheet-12-R029,sheet-12-R030		起動可能時間制限がない「Fargate」で実行
sheet-12-R024	0416	sheet-12	ステージングデータベース保守バッチ	機能仕様	49	1362	sheet-12-B037			sheet-12-R007,sheet-12-R008,sheet-12-R009,sheet-12-R010,sheet-12-R011,sheet-12-R012,sheet-12-R013,sheet-12-R014,sheet-12-R015,sheet-12-R016,sheet-12-R017,sheet-12-R018,sheet-12-R019,sheet-12-R020,sheet-12-R021,sheet-12-R022,sheet-12-R023,sheet-12-R025,sheet-12-R026,sheet-12-R027,sheet-12-R028,sheet-12-R029,sheet-12-R030		実行トリガー　スケジュール起動(Step Functions)　実行タイミング　毎月1日 3時
sheet-12-R025	0416	sheet-12	ステージングデータベース保守バッチ	機能仕様	50	1363	sheet-12-B037			sheet-12-R007,sheet-12-R008,sheet-12-R009,sheet-12-R010,sheet-12-R011,sheet-12-R012,sheet-12-R013,sheet-12-R014,sheet-12-R015,sheet-12-R016,sheet-12-R017,sheet-12-R018,sheet-12-R019,sheet-12-R020,sheet-12-R021,sheet-12-R022,sheet-12-R023,sheet-12-R024,sheet-12-R026,sheet-12-R027,sheet-12-R028,sheet-12-R029,sheet-12-R030		入力データ元　RDB/S3　出力先(フォーマット)　RDB/S3
sheet-12-R026	0416	sheet-12	ステージングデータベース保守バッチ	機能仕様	51	1364	sheet-12-B037			sheet-12-R007,sheet-12-R008,sheet-12-R009,sheet-12-R010,sheet-12-R011,sheet-12-R012,sheet-12-R013,sheet-12-R014,sheet-12-R015,sheet-12-R016,sheet-12-R017,sheet-12-R018,sheet-12-R019,sheet-12-R020,sheet-12-R021,sheet-12-R022,sheet-12-R023,sheet-12-R024,sheet-12-R025,sheet-12-R027,sheet-12-R028,sheet-12-R029,sheet-12-R030		入力データ詳細
sheet-12-R027	0416	sheet-12	ステージングデータベース保守バッチ	機能仕様	52	1365	sheet-12-B037			sheet-12-R007,sheet-12-R008,sheet-12-R009,sheet-12-R010,sheet-12-R011,sheet-12-R012,sheet-12-R013,sheet-12-R014,sheet-12-R015,sheet-12-R016,sheet-12-R017,sheet-12-R018,sheet-12-R019,sheet-12-R020,sheet-12-R021,sheet-12-R022,sheet-12-R023,sheet-12-R024,sheet-12-R025,sheet-12-R026,sheet-12-R028,sheet-12-R029,sheet-12-R030		入力データ検索条件
sheet-12-R028	0416	sheet-12	ステージングデータベース保守バッチ	機能仕様	53	1366	sheet-12-B037			sheet-12-R007,sheet-12-R008,sheet-12-R009,sheet-12-R010,sheet-12-R011,sheet-12-R012,sheet-12-R013,sheet-12-R014,sheet-12-R015,sheet-12-R016,sheet-12-R017,sheet-12-R018,sheet-12-R019,sheet-12-R020,sheet-12-R021,sheet-12-R022,sheet-12-R023,sheet-12-R024,sheet-12-R025,sheet-12-R026,sheet-12-R027,sheet-12-R029,sheet-12-R030		項目名　条件　備考
sheet-12-R029	0416	sheet-12	ステージングデータベース保守バッチ	機能仕様	54	1367	sheet-12-B037			sheet-12-R007,sheet-12-R008,sheet-12-R009,sheet-12-R010,sheet-12-R011,sheet-12-R012,sheet-12-R013,sheet-12-R014,sheet-12-R015,sheet-12-R016,sheet-12-R017,sheet-12-R018,sheet-12-R019,sheet-12-R020,sheet-12-R021,sheet-12-R022,sheet-12-R023,sheet-12-R024,sheet-12-R025,sheet-12-R026,sheet-12-R027,sheet-12-R028,sheet-12-R030		実行結果詳細  ※主にDBの登録・更新結果について記載
sheet-12-R030	0416	sheet-12	ステージングデータベース保守バッチ	機能仕様	55	1368	sheet-12-B037			sheet-12-R007,sheet-12-R008,sheet-12-R009,sheet-12-R010,sheet-12-R011,sheet-12-R012,sheet-12-R013,sheet-12-R014,sheet-12-R015,sheet-12-R016,sheet-12-R017,sheet-12-R018,sheet-12-R019,sheet-12-R020,sheet-12-R021,sheet-12-R022,sheet-12-R023,sheet-12-R024,sheet-12-R025,sheet-12-R026,sheet-12-R027,sheet-12-R028,sheet-12-R029		エラーハンドリング
sheet-13-R001	0416	sheet-13	S3画像サイズチェック処理	処理概要	23	1393	sheet-13-B038					処理内容
sheet-13-R002	0416	sheet-13	S3画像サイズチェック処理	機能仕様	26	1396	sheet-13-B039			sheet-13-R003,sheet-13-R004,sheet-13-R005,sheet-13-R006		S3にアップロードされている画像内に規定している容量超過しているファイルを通知する
sheet-13-R003	0416	sheet-13	S3画像サイズチェック処理	機能仕様	27	1397	sheet-13-B039			sheet-13-R002,sheet-13-R004,sheet-13-R005,sheet-13-R006		機能
sheet-13-R004	0416	sheet-13	S3画像サイズチェック処理	機能仕様	28	1398	sheet-13-B039			sheet-13-R002,sheet-13-R003,sheet-13-R005,sheet-13-R006		S3にアップロードされている画像(商品・バナーなど)のファイル容量が規定量を超えていた場合、メールで通知する
sheet-13-R005	0416	sheet-13	S3画像サイズチェック処理	機能仕様	29	1399	sheet-13-B039			sheet-13-R002,sheet-13-R003,sheet-13-R004,sheet-13-R006		実行環境
sheet-13-R006	0416	sheet-13	S3画像サイズチェック処理	機能仕様	30	1400	sheet-13-B039			sheet-13-R002,sheet-13-R003,sheet-13-R004,sheet-13-R005		バッチ処理用EC2インスタンス
sheet-13-R007	0416	sheet-13	S3画像サイズチェック処理	機能仕様	32	1402	sheet-13-B040			sheet-13-R008,sheet-13-R009,sheet-13-R010,sheet-13-R011,sheet-13-R012,sheet-13-R013,sheet-13-R014,sheet-13-R015,sheet-13-R016,sheet-13-R017,sheet-13-R018,sheet-13-R019,sheet-13-R020,sheet-13-R021,sheet-13-R022,sheet-13-R023,sheet-13-R024,sheet-13-R025,sheet-13-R026,sheet-13-R027,sheet-13-R028,sheet-13-R029,sheet-13-R030,sheet-13-R031,sheet-13-R032,sheet-13-R033,sheet-13-R034,sheet-13-R035,sheet-13-R036,sheet-13-R037,sheet-13-R038,sheet-13-R039,sheet-13-R040,sheet-13-R041,sheet-13-R042,sheet-13-R043,sheet-13-R044,sheet-13-R045,sheet-13-R046,sheet-13-R047,sheet-13-R048,sheet-13-R049,sheet-13-R050,sheet-13-R051,sheet-13-R052		機能仕様処理内容
sheet-13-R008	0416	sheet-13	S3画像サイズチェック処理	機能仕様	33	1403	sheet-13-B040			sheet-13-R007,sheet-13-R009,sheet-13-R010,sheet-13-R011,sheet-13-R012,sheet-13-R013,sheet-13-R014,sheet-13-R015,sheet-13-R016,sheet-13-R017,sheet-13-R018,sheet-13-R019,sheet-13-R020,sheet-13-R021,sheet-13-R022,sheet-13-R023,sheet-13-R024,sheet-13-R025,sheet-13-R026,sheet-13-R027,sheet-13-R028,sheet-13-R029,sheet-13-R030,sheet-13-R031,sheet-13-R032,sheet-13-R033,sheet-13-R034,sheet-13-R035,sheet-13-R036,sheet-13-R037,sheet-13-R038,sheet-13-R039,sheet-13-R040,sheet-13-R041,sheet-13-R042,sheet-13-R043,sheet-13-R044,sheet-13-R045,sheet-13-R046,sheet-13-R047,sheet-13-R048,sheet-13-R049,sheet-13-R050,sheet-13-R051,sheet-13-R052		・下記バケットからファイル名およびファイルサイズの一覧を取得する
sheet-13-R009	0416	sheet-13	S3画像サイズチェック処理	機能仕様	34	1404	sheet-13-B040			sheet-13-R007,sheet-13-R008,sheet-13-R010,sheet-13-R011,sheet-13-R012,sheet-13-R013,sheet-13-R014,sheet-13-R015,sheet-13-R016,sheet-13-R017,sheet-13-R018,sheet-13-R019,sheet-13-R020,sheet-13-R021,sheet-13-R022,sheet-13-R023,sheet-13-R024,sheet-13-R025,sheet-13-R026,sheet-13-R027,sheet-13-R028,sheet-13-R029,sheet-13-R030,sheet-13-R031,sheet-13-R032,sheet-13-R033,sheet-13-R034,sheet-13-R035,sheet-13-R036,sheet-13-R037,sheet-13-R038,sheet-13-R039,sheet-13-R040,sheet-13-R041,sheet-13-R042,sheet-13-R043,sheet-13-R044,sheet-13-R045,sheet-13-R046,sheet-13-R047,sheet-13-R048,sheet-13-R049,sheet-13-R050,sheet-13-R051,sheet-13-R052		・ファイル一覧から、画像種別ごとに規定されたファイル容量を超えていないか確認する
sheet-13-R010	0416	sheet-13	S3画像サイズチェック処理	機能仕様	35	1405	sheet-13-B040			sheet-13-R007,sheet-13-R008,sheet-13-R009,sheet-13-R011,sheet-13-R012,sheet-13-R013,sheet-13-R014,sheet-13-R015,sheet-13-R016,sheet-13-R017,sheet-13-R018,sheet-13-R019,sheet-13-R020,sheet-13-R021,sheet-13-R022,sheet-13-R023,sheet-13-R024,sheet-13-R025,sheet-13-R026,sheet-13-R027,sheet-13-R028,sheet-13-R029,sheet-13-R030,sheet-13-R031,sheet-13-R032,sheet-13-R033,sheet-13-R034,sheet-13-R035,sheet-13-R036,sheet-13-R037,sheet-13-R038,sheet-13-R039,sheet-13-R040,sheet-13-R041,sheet-13-R042,sheet-13-R043,sheet-13-R044,sheet-13-R045,sheet-13-R046,sheet-13-R047,sheet-13-R048,sheet-13-R049,sheet-13-R050,sheet-13-R051,sheet-13-R052		・規定サイズを超えるファイルがある場合、該当ファイル一覧を作成し管理者メールアドレスに通知する
sheet-13-R011	0416	sheet-13	S3画像サイズチェック処理	機能仕様	36	1406	sheet-13-B040			sheet-13-R007,sheet-13-R008,sheet-13-R009,sheet-13-R010,sheet-13-R012,sheet-13-R013,sheet-13-R014,sheet-13-R015,sheet-13-R016,sheet-13-R017,sheet-13-R018,sheet-13-R019,sheet-13-R020,sheet-13-R021,sheet-13-R022,sheet-13-R023,sheet-13-R024,sheet-13-R025,sheet-13-R026,sheet-13-R027,sheet-13-R028,sheet-13-R029,sheet-13-R030,sheet-13-R031,sheet-13-R032,sheet-13-R033,sheet-13-R034,sheet-13-R035,sheet-13-R036,sheet-13-R037,sheet-13-R038,sheet-13-R039,sheet-13-R040,sheet-13-R041,sheet-13-R042,sheet-13-R043,sheet-13-R044,sheet-13-R045,sheet-13-R046,sheet-13-R047,sheet-13-R048,sheet-13-R049,sheet-13-R050,sheet-13-R051,sheet-13-R052		実行トリガー　スケジュール起動(Step Functions)　実行タイミング　15分毎
sheet-13-R012	0416	sheet-13	S3画像サイズチェック処理	機能仕様	37	1407	sheet-13-B040			sheet-13-R007,sheet-13-R008,sheet-13-R009,sheet-13-R010,sheet-13-R011,sheet-13-R013,sheet-13-R014,sheet-13-R015,sheet-13-R016,sheet-13-R017,sheet-13-R018,sheet-13-R019,sheet-13-R020,sheet-13-R021,sheet-13-R022,sheet-13-R023,sheet-13-R024,sheet-13-R025,sheet-13-R026,sheet-13-R027,sheet-13-R028,sheet-13-R029,sheet-13-R030,sheet-13-R031,sheet-13-R032,sheet-13-R033,sheet-13-R034,sheet-13-R035,sheet-13-R036,sheet-13-R037,sheet-13-R038,sheet-13-R039,sheet-13-R040,sheet-13-R041,sheet-13-R042,sheet-13-R043,sheet-13-R044,sheet-13-R045,sheet-13-R046,sheet-13-R047,sheet-13-R048,sheet-13-R049,sheet-13-R050,sheet-13-R051,sheet-13-R052		入力データ元　S3　出力先(フォーマット)　メール
sheet-13-R013	0416	sheet-13	S3画像サイズチェック処理	機能仕様	38	1408	sheet-13-B040			sheet-13-R007,sheet-13-R008,sheet-13-R009,sheet-13-R010,sheet-13-R011,sheet-13-R012,sheet-13-R014,sheet-13-R015,sheet-13-R016,sheet-13-R017,sheet-13-R018,sheet-13-R019,sheet-13-R020,sheet-13-R021,sheet-13-R022,sheet-13-R023,sheet-13-R024,sheet-13-R025,sheet-13-R026,sheet-13-R027,sheet-13-R028,sheet-13-R029,sheet-13-R030,sheet-13-R031,sheet-13-R032,sheet-13-R033,sheet-13-R034,sheet-13-R035,sheet-13-R036,sheet-13-R037,sheet-13-R038,sheet-13-R039,sheet-13-R040,sheet-13-R041,sheet-13-R042,sheet-13-R043,sheet-13-R044,sheet-13-R045,sheet-13-R046,sheet-13-R047,sheet-13-R048,sheet-13-R049,sheet-13-R050,sheet-13-R051,sheet-13-R052		入力データ詳細
sheet-13-R014	0416	sheet-13	S3画像サイズチェック処理	機能仕様	39	1409	sheet-13-B040			sheet-13-R007,sheet-13-R008,sheet-13-R009,sheet-13-R010,sheet-13-R011,sheet-13-R012,sheet-13-R013,sheet-13-R015,sheet-13-R016,sheet-13-R017,sheet-13-R018,sheet-13-R019,sheet-13-R020,sheet-13-R021,sheet-13-R022,sheet-13-R023,sheet-13-R024,sheet-13-R025,sheet-13-R026,sheet-13-R027,sheet-13-R028,sheet-13-R029,sheet-13-R030,sheet-13-R031,sheet-13-R032,sheet-13-R033,sheet-13-R034,sheet-13-R035,sheet-13-R036,sheet-13-R037,sheet-13-R038,sheet-13-R039,sheet-13-R040,sheet-13-R041,sheet-13-R042,sheet-13-R043,sheet-13-R044,sheet-13-R045,sheet-13-R046,sheet-13-R047,sheet-13-R048,sheet-13-R049,sheet-13-R050,sheet-13-R051,sheet-13-R052		・下記バケットからファイル名およびファイルサイズの一覧を取得する
sheet-13-R015	0416	sheet-13	S3画像サイズチェック処理	機能仕様	40	1410	sheet-13-B040			sheet-13-R007,sheet-13-R008,sheet-13-R009,sheet-13-R010,sheet-13-R011,sheet-13-R012,sheet-13-R013,sheet-13-R014,sheet-13-R016,sheet-13-R017,sheet-13-R018,sheet-13-R019,sheet-13-R020,sheet-13-R021,sheet-13-R022,sheet-13-R023,sheet-13-R024,sheet-13-R025,sheet-13-R026,sheet-13-R027,sheet-13-R028,sheet-13-R029,sheet-13-R030,sheet-13-R031,sheet-13-R032,sheet-13-R033,sheet-13-R034,sheet-13-R035,sheet-13-R036,sheet-13-R037,sheet-13-R038,sheet-13-R039,sheet-13-R040,sheet-13-R041,sheet-13-R042,sheet-13-R043,sheet-13-R044,sheet-13-R045,sheet-13-R046,sheet-13-R047,sheet-13-R048,sheet-13-R049,sheet-13-R050,sheet-13-R051,sheet-13-R052		①　商品サムネイル
sheet-13-R016	0416	sheet-13	S3画像サイズチェック処理	機能仕様	41	1411	sheet-13-B040			sheet-13-R007,sheet-13-R008,sheet-13-R009,sheet-13-R010,sheet-13-R011,sheet-13-R012,sheet-13-R013,sheet-13-R014,sheet-13-R015,sheet-13-R017,sheet-13-R018,sheet-13-R019,sheet-13-R020,sheet-13-R021,sheet-13-R022,sheet-13-R023,sheet-13-R024,sheet-13-R025,sheet-13-R026,sheet-13-R027,sheet-13-R028,sheet-13-R029,sheet-13-R030,sheet-13-R031,sheet-13-R032,sheet-13-R033,sheet-13-R034,sheet-13-R035,sheet-13-R036,sheet-13-R037,sheet-13-R038,sheet-13-R039,sheet-13-R040,sheet-13-R041,sheet-13-R042,sheet-13-R043,sheet-13-R044,sheet-13-R045,sheet-13-R046,sheet-13-R047,sheet-13-R048,sheet-13-R049,sheet-13-R050,sheet-13-R051,sheet-13-R052		s3://filepool-resized/img/goods/L/
sheet-13-R017	0416	sheet-13	S3画像サイズチェック処理	機能仕様	42	1412	sheet-13-B040			sheet-13-R007,sheet-13-R008,sheet-13-R009,sheet-13-R010,sheet-13-R011,sheet-13-R012,sheet-13-R013,sheet-13-R014,sheet-13-R015,sheet-13-R016,sheet-13-R018,sheet-13-R019,sheet-13-R020,sheet-13-R021,sheet-13-R022,sheet-13-R023,sheet-13-R024,sheet-13-R025,sheet-13-R026,sheet-13-R027,sheet-13-R028,sheet-13-R029,sheet-13-R030,sheet-13-R031,sheet-13-R032,sheet-13-R033,sheet-13-R034,sheet-13-R035,sheet-13-R036,sheet-13-R037,sheet-13-R038,sheet-13-R039,sheet-13-R040,sheet-13-R041,sheet-13-R042,sheet-13-R043,sheet-13-R044,sheet-13-R045,sheet-13-R046,sheet-13-R047,sheet-13-R048,sheet-13-R049,sheet-13-R050,sheet-13-R051,sheet-13-R052		s3://filepool-resized/img/goods/C/
sheet-13-R018	0416	sheet-13	S3画像サイズチェック処理	機能仕様	43	1413	sheet-13-B040			sheet-13-R007,sheet-13-R008,sheet-13-R009,sheet-13-R010,sheet-13-R011,sheet-13-R012,sheet-13-R013,sheet-13-R014,sheet-13-R015,sheet-13-R016,sheet-13-R017,sheet-13-R019,sheet-13-R020,sheet-13-R021,sheet-13-R022,sheet-13-R023,sheet-13-R024,sheet-13-R025,sheet-13-R026,sheet-13-R027,sheet-13-R028,sheet-13-R029,sheet-13-R030,sheet-13-R031,sheet-13-R032,sheet-13-R033,sheet-13-R034,sheet-13-R035,sheet-13-R036,sheet-13-R037,sheet-13-R038,sheet-13-R039,sheet-13-R040,sheet-13-R041,sheet-13-R042,sheet-13-R043,sheet-13-R044,sheet-13-R045,sheet-13-R046,sheet-13-R047,sheet-13-R048,sheet-13-R049,sheet-13-R050,sheet-13-R051,sheet-13-R052		s3://filepool-resized/img/goods/I/
sheet-13-R019	0416	sheet-13	S3画像サイズチェック処理	機能仕様	44	1414	sheet-13-B040			sheet-13-R007,sheet-13-R008,sheet-13-R009,sheet-13-R010,sheet-13-R011,sheet-13-R012,sheet-13-R013,sheet-13-R014,sheet-13-R015,sheet-13-R016,sheet-13-R017,sheet-13-R018,sheet-13-R020,sheet-13-R021,sheet-13-R022,sheet-13-R023,sheet-13-R024,sheet-13-R025,sheet-13-R026,sheet-13-R027,sheet-13-R028,sheet-13-R029,sheet-13-R030,sheet-13-R031,sheet-13-R032,sheet-13-R033,sheet-13-R034,sheet-13-R035,sheet-13-R036,sheet-13-R037,sheet-13-R038,sheet-13-R039,sheet-13-R040,sheet-13-R041,sheet-13-R042,sheet-13-R043,sheet-13-R044,sheet-13-R045,sheet-13-R046,sheet-13-R047,sheet-13-R048,sheet-13-R049,sheet-13-R050,sheet-13-R051,sheet-13-R052		②　商品サムネイル(オリジナル画像)
sheet-13-R020	0416	sheet-13	S3画像サイズチェック処理	機能仕様	45	1415	sheet-13-B040			sheet-13-R007,sheet-13-R008,sheet-13-R009,sheet-13-R010,sheet-13-R011,sheet-13-R012,sheet-13-R013,sheet-13-R014,sheet-13-R015,sheet-13-R016,sheet-13-R017,sheet-13-R018,sheet-13-R019,sheet-13-R021,sheet-13-R022,sheet-13-R023,sheet-13-R024,sheet-13-R025,sheet-13-R026,sheet-13-R027,sheet-13-R028,sheet-13-R029,sheet-13-R030,sheet-13-R031,sheet-13-R032,sheet-13-R033,sheet-13-R034,sheet-13-R035,sheet-13-R036,sheet-13-R037,sheet-13-R038,sheet-13-R039,sheet-13-R040,sheet-13-R041,sheet-13-R042,sheet-13-R043,sheet-13-R044,sheet-13-R045,sheet-13-R046,sheet-13-R047,sheet-13-R048,sheet-13-R049,sheet-13-R050,sheet-13-R051,sheet-13-R052		s3://filepool-resized/img/goods/L/NUM/
sheet-13-R021	0416	sheet-13	S3画像サイズチェック処理	機能仕様	46	1416	sheet-13-B040			sheet-13-R007,sheet-13-R008,sheet-13-R009,sheet-13-R010,sheet-13-R011,sheet-13-R012,sheet-13-R013,sheet-13-R014,sheet-13-R015,sheet-13-R016,sheet-13-R017,sheet-13-R018,sheet-13-R019,sheet-13-R020,sheet-13-R022,sheet-13-R023,sheet-13-R024,sheet-13-R025,sheet-13-R026,sheet-13-R027,sheet-13-R028,sheet-13-R029,sheet-13-R030,sheet-13-R031,sheet-13-R032,sheet-13-R033,sheet-13-R034,sheet-13-R035,sheet-13-R036,sheet-13-R037,sheet-13-R038,sheet-13-R039,sheet-13-R040,sheet-13-R041,sheet-13-R042,sheet-13-R043,sheet-13-R044,sheet-13-R045,sheet-13-R046,sheet-13-R047,sheet-13-R048,sheet-13-R049,sheet-13-R050,sheet-13-R051,sheet-13-R052		③　バナー画像
sheet-13-R022	0416	sheet-13	S3画像サイズチェック処理	機能仕様	47	1417	sheet-13-B040			sheet-13-R007,sheet-13-R008,sheet-13-R009,sheet-13-R010,sheet-13-R011,sheet-13-R012,sheet-13-R013,sheet-13-R014,sheet-13-R015,sheet-13-R016,sheet-13-R017,sheet-13-R018,sheet-13-R019,sheet-13-R020,sheet-13-R021,sheet-13-R023,sheet-13-R024,sheet-13-R025,sheet-13-R026,sheet-13-R027,sheet-13-R028,sheet-13-R029,sheet-13-R030,sheet-13-R031,sheet-13-R032,sheet-13-R033,sheet-13-R034,sheet-13-R035,sheet-13-R036,sheet-13-R037,sheet-13-R038,sheet-13-R039,sheet-13-R040,sheet-13-R041,sheet-13-R042,sheet-13-R043,sheet-13-R044,sheet-13-R045,sheet-13-R046,sheet-13-R047,sheet-13-R048,sheet-13-R049,sheet-13-R050,sheet-13-R051,sheet-13-R052		s3://filepool-resized/banner/
sheet-13-R023	0416	sheet-13	S3画像サイズチェック処理	機能仕様	48	1418	sheet-13-B040			sheet-13-R007,sheet-13-R008,sheet-13-R009,sheet-13-R010,sheet-13-R011,sheet-13-R012,sheet-13-R013,sheet-13-R014,sheet-13-R015,sheet-13-R016,sheet-13-R017,sheet-13-R018,sheet-13-R019,sheet-13-R020,sheet-13-R021,sheet-13-R022,sheet-13-R024,sheet-13-R025,sheet-13-R026,sheet-13-R027,sheet-13-R028,sheet-13-R029,sheet-13-R030,sheet-13-R031,sheet-13-R032,sheet-13-R033,sheet-13-R034,sheet-13-R035,sheet-13-R036,sheet-13-R037,sheet-13-R038,sheet-13-R039,sheet-13-R040,sheet-13-R041,sheet-13-R042,sheet-13-R043,sheet-13-R044,sheet-13-R045,sheet-13-R046,sheet-13-R047,sheet-13-R048,sheet-13-R049,sheet-13-R050,sheet-13-R051,sheet-13-R052		④　商品画像
sheet-13-R024	0416	sheet-13	S3画像サイズチェック処理	機能仕様	49	1419	sheet-13-B040			sheet-13-R007,sheet-13-R008,sheet-13-R009,sheet-13-R010,sheet-13-R011,sheet-13-R012,sheet-13-R013,sheet-13-R014,sheet-13-R015,sheet-13-R016,sheet-13-R017,sheet-13-R018,sheet-13-R019,sheet-13-R020,sheet-13-R021,sheet-13-R022,sheet-13-R023,sheet-13-R025,sheet-13-R026,sheet-13-R027,sheet-13-R028,sheet-13-R029,sheet-13-R030,sheet-13-R031,sheet-13-R032,sheet-13-R033,sheet-13-R034,sheet-13-R035,sheet-13-R036,sheet-13-R037,sheet-13-R038,sheet-13-R039,sheet-13-R040,sheet-13-R041,sheet-13-R042,sheet-13-R043,sheet-13-R044,sheet-13-R045,sheet-13-R046,sheet-13-R047,sheet-13-R048,sheet-13-R049,sheet-13-R050,sheet-13-R051,sheet-13-R052		s3://filepool-resized/product/
sheet-13-R025	0416	sheet-13	S3画像サイズチェック処理	機能仕様	50	1420	sheet-13-B040			sheet-13-R007,sheet-13-R008,sheet-13-R009,sheet-13-R010,sheet-13-R011,sheet-13-R012,sheet-13-R013,sheet-13-R014,sheet-13-R015,sheet-13-R016,sheet-13-R017,sheet-13-R018,sheet-13-R019,sheet-13-R020,sheet-13-R021,sheet-13-R022,sheet-13-R023,sheet-13-R024,sheet-13-R026,sheet-13-R027,sheet-13-R028,sheet-13-R029,sheet-13-R030,sheet-13-R031,sheet-13-R032,sheet-13-R033,sheet-13-R034,sheet-13-R035,sheet-13-R036,sheet-13-R037,sheet-13-R038,sheet-13-R039,sheet-13-R040,sheet-13-R041,sheet-13-R042,sheet-13-R043,sheet-13-R044,sheet-13-R045,sheet-13-R046,sheet-13-R047,sheet-13-R048,sheet-13-R049,sheet-13-R050,sheet-13-R051,sheet-13-R052		⑤　絵文字(シンボル)
sheet-13-R026	0416	sheet-13	S3画像サイズチェック処理	機能仕様	51	1421	sheet-13-B040			sheet-13-R007,sheet-13-R008,sheet-13-R009,sheet-13-R010,sheet-13-R011,sheet-13-R012,sheet-13-R013,sheet-13-R014,sheet-13-R015,sheet-13-R016,sheet-13-R017,sheet-13-R018,sheet-13-R019,sheet-13-R020,sheet-13-R021,sheet-13-R022,sheet-13-R023,sheet-13-R024,sheet-13-R025,sheet-13-R027,sheet-13-R028,sheet-13-R029,sheet-13-R030,sheet-13-R031,sheet-13-R032,sheet-13-R033,sheet-13-R034,sheet-13-R035,sheet-13-R036,sheet-13-R037,sheet-13-R038,sheet-13-R039,sheet-13-R040,sheet-13-R041,sheet-13-R042,sheet-13-R043,sheet-13-R044,sheet-13-R045,sheet-13-R046,sheet-13-R047,sheet-13-R048,sheet-13-R049,sheet-13-R050,sheet-13-R051,sheet-13-R052		s3://filepool-resized/set/
sheet-13-R027	0416	sheet-13	S3画像サイズチェック処理	機能仕様	52	1422	sheet-13-B040			sheet-13-R007,sheet-13-R008,sheet-13-R009,sheet-13-R010,sheet-13-R011,sheet-13-R012,sheet-13-R013,sheet-13-R014,sheet-13-R015,sheet-13-R016,sheet-13-R017,sheet-13-R018,sheet-13-R019,sheet-13-R020,sheet-13-R021,sheet-13-R022,sheet-13-R023,sheet-13-R024,sheet-13-R025,sheet-13-R026,sheet-13-R028,sheet-13-R029,sheet-13-R030,sheet-13-R031,sheet-13-R032,sheet-13-R033,sheet-13-R034,sheet-13-R035,sheet-13-R036,sheet-13-R037,sheet-13-R038,sheet-13-R039,sheet-13-R040,sheet-13-R041,sheet-13-R042,sheet-13-R043,sheet-13-R044,sheet-13-R045,sheet-13-R046,sheet-13-R047,sheet-13-R048,sheet-13-R049,sheet-13-R050,sheet-13-R051,sheet-13-R052		・ファイル一覧から、下記条件に該当するものを抽出する
sheet-13-R028	0416	sheet-13	S3画像サイズチェック処理	機能仕様	53	1423	sheet-13-B040			sheet-13-R007,sheet-13-R008,sheet-13-R009,sheet-13-R010,sheet-13-R011,sheet-13-R012,sheet-13-R013,sheet-13-R014,sheet-13-R015,sheet-13-R016,sheet-13-R017,sheet-13-R018,sheet-13-R019,sheet-13-R020,sheet-13-R021,sheet-13-R022,sheet-13-R023,sheet-13-R024,sheet-13-R025,sheet-13-R026,sheet-13-R027,sheet-13-R029,sheet-13-R030,sheet-13-R031,sheet-13-R032,sheet-13-R033,sheet-13-R034,sheet-13-R035,sheet-13-R036,sheet-13-R037,sheet-13-R038,sheet-13-R039,sheet-13-R040,sheet-13-R041,sheet-13-R042,sheet-13-R043,sheet-13-R044,sheet-13-R045,sheet-13-R046,sheet-13-R047,sheet-13-R048,sheet-13-R049,sheet-13-R050,sheet-13-R051,sheet-13-R052		①　商品サムネイル
sheet-13-R029	0416	sheet-13	S3画像サイズチェック処理	機能仕様	54	1424	sheet-13-B040			sheet-13-R007,sheet-13-R008,sheet-13-R009,sheet-13-R010,sheet-13-R011,sheet-13-R012,sheet-13-R013,sheet-13-R014,sheet-13-R015,sheet-13-R016,sheet-13-R017,sheet-13-R018,sheet-13-R019,sheet-13-R020,sheet-13-R021,sheet-13-R022,sheet-13-R023,sheet-13-R024,sheet-13-R025,sheet-13-R026,sheet-13-R027,sheet-13-R028,sheet-13-R030,sheet-13-R031,sheet-13-R032,sheet-13-R033,sheet-13-R034,sheet-13-R035,sheet-13-R036,sheet-13-R037,sheet-13-R038,sheet-13-R039,sheet-13-R040,sheet-13-R041,sheet-13-R042,sheet-13-R043,sheet-13-R044,sheet-13-R045,sheet-13-R046,sheet-13-R047,sheet-13-R048,sheet-13-R049,sheet-13-R050,sheet-13-R051,sheet-13-R052		ファイルサイズ : 250kB以上
sheet-13-R030	0416	sheet-13	S3画像サイズチェック処理	機能仕様	55	1425	sheet-13-B040			sheet-13-R007,sheet-13-R008,sheet-13-R009,sheet-13-R010,sheet-13-R011,sheet-13-R012,sheet-13-R013,sheet-13-R014,sheet-13-R015,sheet-13-R016,sheet-13-R017,sheet-13-R018,sheet-13-R019,sheet-13-R020,sheet-13-R021,sheet-13-R022,sheet-13-R023,sheet-13-R024,sheet-13-R025,sheet-13-R026,sheet-13-R027,sheet-13-R028,sheet-13-R029,sheet-13-R031,sheet-13-R032,sheet-13-R033,sheet-13-R034,sheet-13-R035,sheet-13-R036,sheet-13-R037,sheet-13-R038,sheet-13-R039,sheet-13-R040,sheet-13-R041,sheet-13-R042,sheet-13-R043,sheet-13-R044,sheet-13-R045,sheet-13-R046,sheet-13-R047,sheet-13-R048,sheet-13-R049,sheet-13-R050,sheet-13-R051,sheet-13-R052		②　商品サムネイル(オリジナル画像)
sheet-13-R031	0416	sheet-13	S3画像サイズチェック処理	機能仕様	56	1426	sheet-13-B040			sheet-13-R007,sheet-13-R008,sheet-13-R009,sheet-13-R010,sheet-13-R011,sheet-13-R012,sheet-13-R013,sheet-13-R014,sheet-13-R015,sheet-13-R016,sheet-13-R017,sheet-13-R018,sheet-13-R019,sheet-13-R020,sheet-13-R021,sheet-13-R022,sheet-13-R023,sheet-13-R024,sheet-13-R025,sheet-13-R026,sheet-13-R027,sheet-13-R028,sheet-13-R029,sheet-13-R030,sheet-13-R032,sheet-13-R033,sheet-13-R034,sheet-13-R035,sheet-13-R036,sheet-13-R037,sheet-13-R038,sheet-13-R039,sheet-13-R040,sheet-13-R041,sheet-13-R042,sheet-13-R043,sheet-13-R044,sheet-13-R045,sheet-13-R046,sheet-13-R047,sheet-13-R048,sheet-13-R049,sheet-13-R050,sheet-13-R051,sheet-13-R052		ファイルサイズ : 400kB以上
sheet-13-R032	0416	sheet-13	S3画像サイズチェック処理	機能仕様	57	1427	sheet-13-B040			sheet-13-R007,sheet-13-R008,sheet-13-R009,sheet-13-R010,sheet-13-R011,sheet-13-R012,sheet-13-R013,sheet-13-R014,sheet-13-R015,sheet-13-R016,sheet-13-R017,sheet-13-R018,sheet-13-R019,sheet-13-R020,sheet-13-R021,sheet-13-R022,sheet-13-R023,sheet-13-R024,sheet-13-R025,sheet-13-R026,sheet-13-R027,sheet-13-R028,sheet-13-R029,sheet-13-R030,sheet-13-R031,sheet-13-R033,sheet-13-R034,sheet-13-R035,sheet-13-R036,sheet-13-R037,sheet-13-R038,sheet-13-R039,sheet-13-R040,sheet-13-R041,sheet-13-R042,sheet-13-R043,sheet-13-R044,sheet-13-R045,sheet-13-R046,sheet-13-R047,sheet-13-R048,sheet-13-R049,sheet-13-R050,sheet-13-R051,sheet-13-R052		③　バナー画像
sheet-13-R033	0416	sheet-13	S3画像サイズチェック処理	機能仕様	58	1428	sheet-13-B040			sheet-13-R007,sheet-13-R008,sheet-13-R009,sheet-13-R010,sheet-13-R011,sheet-13-R012,sheet-13-R013,sheet-13-R014,sheet-13-R015,sheet-13-R016,sheet-13-R017,sheet-13-R018,sheet-13-R019,sheet-13-R020,sheet-13-R021,sheet-13-R022,sheet-13-R023,sheet-13-R024,sheet-13-R025,sheet-13-R026,sheet-13-R027,sheet-13-R028,sheet-13-R029,sheet-13-R030,sheet-13-R031,sheet-13-R032,sheet-13-R034,sheet-13-R035,sheet-13-R036,sheet-13-R037,sheet-13-R038,sheet-13-R039,sheet-13-R040,sheet-13-R041,sheet-13-R042,sheet-13-R043,sheet-13-R044,sheet-13-R045,sheet-13-R046,sheet-13-R047,sheet-13-R048,sheet-13-R049,sheet-13-R050,sheet-13-R051,sheet-13-R052		ファイルサイズ : 500kB以上
sheet-13-R034	0416	sheet-13	S3画像サイズチェック処理	機能仕様	59	1429	sheet-13-B040			sheet-13-R007,sheet-13-R008,sheet-13-R009,sheet-13-R010,sheet-13-R011,sheet-13-R012,sheet-13-R013,sheet-13-R014,sheet-13-R015,sheet-13-R016,sheet-13-R017,sheet-13-R018,sheet-13-R019,sheet-13-R020,sheet-13-R021,sheet-13-R022,sheet-13-R023,sheet-13-R024,sheet-13-R025,sheet-13-R026,sheet-13-R027,sheet-13-R028,sheet-13-R029,sheet-13-R030,sheet-13-R031,sheet-13-R032,sheet-13-R033,sheet-13-R035,sheet-13-R036,sheet-13-R037,sheet-13-R038,sheet-13-R039,sheet-13-R040,sheet-13-R041,sheet-13-R042,sheet-13-R043,sheet-13-R044,sheet-13-R045,sheet-13-R046,sheet-13-R047,sheet-13-R048,sheet-13-R049,sheet-13-R050,sheet-13-R051,sheet-13-R052		④　商品画像
sheet-13-R035	0416	sheet-13	S3画像サイズチェック処理	機能仕様	60	1430	sheet-13-B040			sheet-13-R007,sheet-13-R008,sheet-13-R009,sheet-13-R010,sheet-13-R011,sheet-13-R012,sheet-13-R013,sheet-13-R014,sheet-13-R015,sheet-13-R016,sheet-13-R017,sheet-13-R018,sheet-13-R019,sheet-13-R020,sheet-13-R021,sheet-13-R022,sheet-13-R023,sheet-13-R024,sheet-13-R025,sheet-13-R026,sheet-13-R027,sheet-13-R028,sheet-13-R029,sheet-13-R030,sheet-13-R031,sheet-13-R032,sheet-13-R033,sheet-13-R034,sheet-13-R036,sheet-13-R037,sheet-13-R038,sheet-13-R039,sheet-13-R040,sheet-13-R041,sheet-13-R042,sheet-13-R043,sheet-13-R044,sheet-13-R045,sheet-13-R046,sheet-13-R047,sheet-13-R048,sheet-13-R049,sheet-13-R050,sheet-13-R051,sheet-13-R052		ファイルサイズ : 400kB以上
sheet-13-R036	0416	sheet-13	S3画像サイズチェック処理	機能仕様	61	1431	sheet-13-B040			sheet-13-R007,sheet-13-R008,sheet-13-R009,sheet-13-R010,sheet-13-R011,sheet-13-R012,sheet-13-R013,sheet-13-R014,sheet-13-R015,sheet-13-R016,sheet-13-R017,sheet-13-R018,sheet-13-R019,sheet-13-R020,sheet-13-R021,sheet-13-R022,sheet-13-R023,sheet-13-R024,sheet-13-R025,sheet-13-R026,sheet-13-R027,sheet-13-R028,sheet-13-R029,sheet-13-R030,sheet-13-R031,sheet-13-R032,sheet-13-R033,sheet-13-R034,sheet-13-R035,sheet-13-R037,sheet-13-R038,sheet-13-R039,sheet-13-R040,sheet-13-R041,sheet-13-R042,sheet-13-R043,sheet-13-R044,sheet-13-R045,sheet-13-R046,sheet-13-R047,sheet-13-R048,sheet-13-R049,sheet-13-R050,sheet-13-R051,sheet-13-R052		⑤　絵文字(シンボル)
sheet-13-R037	0416	sheet-13	S3画像サイズチェック処理	機能仕様	62	1432	sheet-13-B040			sheet-13-R007,sheet-13-R008,sheet-13-R009,sheet-13-R010,sheet-13-R011,sheet-13-R012,sheet-13-R013,sheet-13-R014,sheet-13-R015,sheet-13-R016,sheet-13-R017,sheet-13-R018,sheet-13-R019,sheet-13-R020,sheet-13-R021,sheet-13-R022,sheet-13-R023,sheet-13-R024,sheet-13-R025,sheet-13-R026,sheet-13-R027,sheet-13-R028,sheet-13-R029,sheet-13-R030,sheet-13-R031,sheet-13-R032,sheet-13-R033,sheet-13-R034,sheet-13-R035,sheet-13-R036,sheet-13-R038,sheet-13-R039,sheet-13-R040,sheet-13-R041,sheet-13-R042,sheet-13-R043,sheet-13-R044,sheet-13-R045,sheet-13-R046,sheet-13-R047,sheet-13-R048,sheet-13-R049,sheet-13-R050,sheet-13-R051,sheet-13-R052		ファイルサイズ : 5kB以上
sheet-13-R038	0416	sheet-13	S3画像サイズチェック処理	機能仕様	63	1433	sheet-13-B040			sheet-13-R007,sheet-13-R008,sheet-13-R009,sheet-13-R010,sheet-13-R011,sheet-13-R012,sheet-13-R013,sheet-13-R014,sheet-13-R015,sheet-13-R016,sheet-13-R017,sheet-13-R018,sheet-13-R019,sheet-13-R020,sheet-13-R021,sheet-13-R022,sheet-13-R023,sheet-13-R024,sheet-13-R025,sheet-13-R026,sheet-13-R027,sheet-13-R028,sheet-13-R029,sheet-13-R030,sheet-13-R031,sheet-13-R032,sheet-13-R033,sheet-13-R034,sheet-13-R035,sheet-13-R036,sheet-13-R037,sheet-13-R039,sheet-13-R040,sheet-13-R041,sheet-13-R042,sheet-13-R043,sheet-13-R044,sheet-13-R045,sheet-13-R046,sheet-13-R047,sheet-13-R048,sheet-13-R049,sheet-13-R050,sheet-13-R051,sheet-13-R052		実行結果詳細  ※主にDBの登録・更新結果について記載
sheet-13-R039	0416	sheet-13	S3画像サイズチェック処理	機能仕様	64	1434	sheet-13-B040			sheet-13-R007,sheet-13-R008,sheet-13-R009,sheet-13-R010,sheet-13-R011,sheet-13-R012,sheet-13-R013,sheet-13-R014,sheet-13-R015,sheet-13-R016,sheet-13-R017,sheet-13-R018,sheet-13-R019,sheet-13-R020,sheet-13-R021,sheet-13-R022,sheet-13-R023,sheet-13-R024,sheet-13-R025,sheet-13-R026,sheet-13-R027,sheet-13-R028,sheet-13-R029,sheet-13-R030,sheet-13-R031,sheet-13-R032,sheet-13-R033,sheet-13-R034,sheet-13-R035,sheet-13-R036,sheet-13-R037,sheet-13-R038,sheet-13-R040,sheet-13-R041,sheet-13-R042,sheet-13-R043,sheet-13-R044,sheet-13-R045,sheet-13-R046,sheet-13-R047,sheet-13-R048,sheet-13-R049,sheet-13-R050,sheet-13-R051,sheet-13-R052		From：info@hareruyamtg.com
sheet-13-R040	0416	sheet-13	S3画像サイズチェック処理	機能仕様	65	1435	sheet-13-B040			sheet-13-R007,sheet-13-R008,sheet-13-R009,sheet-13-R010,sheet-13-R011,sheet-13-R012,sheet-13-R013,sheet-13-R014,sheet-13-R015,sheet-13-R016,sheet-13-R017,sheet-13-R018,sheet-13-R019,sheet-13-R020,sheet-13-R021,sheet-13-R022,sheet-13-R023,sheet-13-R024,sheet-13-R025,sheet-13-R026,sheet-13-R027,sheet-13-R028,sheet-13-R029,sheet-13-R030,sheet-13-R031,sheet-13-R032,sheet-13-R033,sheet-13-R034,sheet-13-R035,sheet-13-R036,sheet-13-R037,sheet-13-R038,sheet-13-R039,sheet-13-R041,sheet-13-R042,sheet-13-R043,sheet-13-R044,sheet-13-R045,sheet-13-R046,sheet-13-R047,sheet-13-R048,sheet-13-R049,sheet-13-R050,sheet-13-R051,sheet-13-R052		To：hareruya_filesize_alert@hareruyamtg.com
sheet-13-R041	0416	sheet-13	S3画像サイズチェック処理	機能仕様	66	1436	sheet-13-B040			sheet-13-R007,sheet-13-R008,sheet-13-R009,sheet-13-R010,sheet-13-R011,sheet-13-R012,sheet-13-R013,sheet-13-R014,sheet-13-R015,sheet-13-R016,sheet-13-R017,sheet-13-R018,sheet-13-R019,sheet-13-R020,sheet-13-R021,sheet-13-R022,sheet-13-R023,sheet-13-R024,sheet-13-R025,sheet-13-R026,sheet-13-R027,sheet-13-R028,sheet-13-R029,sheet-13-R030,sheet-13-R031,sheet-13-R032,sheet-13-R033,sheet-13-R034,sheet-13-R035,sheet-13-R036,sheet-13-R037,sheet-13-R038,sheet-13-R039,sheet-13-R040,sheet-13-R042,sheet-13-R043,sheet-13-R044,sheet-13-R045,sheet-13-R046,sheet-13-R047,sheet-13-R048,sheet-13-R049,sheet-13-R050,sheet-13-R051,sheet-13-R052		CC：it_common@hareruyamtg.com
sheet-13-R042	0416	sheet-13	S3画像サイズチェック処理	機能仕様	67	1437	sheet-13-B040			sheet-13-R007,sheet-13-R008,sheet-13-R009,sheet-13-R010,sheet-13-R011,sheet-13-R012,sheet-13-R013,sheet-13-R014,sheet-13-R015,sheet-13-R016,sheet-13-R017,sheet-13-R018,sheet-13-R019,sheet-13-R020,sheet-13-R021,sheet-13-R022,sheet-13-R023,sheet-13-R024,sheet-13-R025,sheet-13-R026,sheet-13-R027,sheet-13-R028,sheet-13-R029,sheet-13-R030,sheet-13-R031,sheet-13-R032,sheet-13-R033,sheet-13-R034,sheet-13-R035,sheet-13-R036,sheet-13-R037,sheet-13-R038,sheet-13-R039,sheet-13-R040,sheet-13-R041,sheet-13-R043,sheet-13-R044,sheet-13-R045,sheet-13-R046,sheet-13-R047,sheet-13-R048,sheet-13-R049,sheet-13-R050,sheet-13-R051,sheet-13-R052		BCC:r9y9k6q2h2i8d9b5@sekappy-dev.slack.com
sheet-13-R043	0416	sheet-13	S3画像サイズチェック処理	機能仕様	68	1438	sheet-13-B040			sheet-13-R007,sheet-13-R008,sheet-13-R009,sheet-13-R010,sheet-13-R011,sheet-13-R012,sheet-13-R013,sheet-13-R014,sheet-13-R015,sheet-13-R016,sheet-13-R017,sheet-13-R018,sheet-13-R019,sheet-13-R020,sheet-13-R021,sheet-13-R022,sheet-13-R023,sheet-13-R024,sheet-13-R025,sheet-13-R026,sheet-13-R027,sheet-13-R028,sheet-13-R029,sheet-13-R030,sheet-13-R031,sheet-13-R032,sheet-13-R033,sheet-13-R034,sheet-13-R035,sheet-13-R036,sheet-13-R037,sheet-13-R038,sheet-13-R039,sheet-13-R040,sheet-13-R041,sheet-13-R042,sheet-13-R044,sheet-13-R045,sheet-13-R046,sheet-13-R047,sheet-13-R048,sheet-13-R049,sheet-13-R050,sheet-13-R051,sheet-13-R052		件名 : 画像ファイルサイズ超過アラート
sheet-13-R044	0416	sheet-13	S3画像サイズチェック処理	機能仕様	69	1439	sheet-13-B040			sheet-13-R007,sheet-13-R008,sheet-13-R009,sheet-13-R010,sheet-13-R011,sheet-13-R012,sheet-13-R013,sheet-13-R014,sheet-13-R015,sheet-13-R016,sheet-13-R017,sheet-13-R018,sheet-13-R019,sheet-13-R020,sheet-13-R021,sheet-13-R022,sheet-13-R023,sheet-13-R024,sheet-13-R025,sheet-13-R026,sheet-13-R027,sheet-13-R028,sheet-13-R029,sheet-13-R030,sheet-13-R031,sheet-13-R032,sheet-13-R033,sheet-13-R034,sheet-13-R035,sheet-13-R036,sheet-13-R037,sheet-13-R038,sheet-13-R039,sheet-13-R040,sheet-13-R041,sheet-13-R042,sheet-13-R043,sheet-13-R045,sheet-13-R046,sheet-13-R047,sheet-13-R048,sheet-13-R049,sheet-13-R050,sheet-13-R051,sheet-13-R052		本文
sheet-13-R045	0416	sheet-13	S3画像サイズチェック処理	機能仕様	70	1440	sheet-13-B040			sheet-13-R007,sheet-13-R008,sheet-13-R009,sheet-13-R010,sheet-13-R011,sheet-13-R012,sheet-13-R013,sheet-13-R014,sheet-13-R015,sheet-13-R016,sheet-13-R017,sheet-13-R018,sheet-13-R019,sheet-13-R020,sheet-13-R021,sheet-13-R022,sheet-13-R023,sheet-13-R024,sheet-13-R025,sheet-13-R026,sheet-13-R027,sheet-13-R028,sheet-13-R029,sheet-13-R030,sheet-13-R031,sheet-13-R032,sheet-13-R033,sheet-13-R034,sheet-13-R035,sheet-13-R036,sheet-13-R037,sheet-13-R038,sheet-13-R039,sheet-13-R040,sheet-13-R041,sheet-13-R042,sheet-13-R043,sheet-13-R044,sheet-13-R046,sheet-13-R047,sheet-13-R048,sheet-13-R049,sheet-13-R050,sheet-13-R051,sheet-13-R052		※※送信専用アドレスの為返信不可※※
sheet-13-R046	0416	sheet-13	S3画像サイズチェック処理	機能仕様	71	1441	sheet-13-B040			sheet-13-R007,sheet-13-R008,sheet-13-R009,sheet-13-R010,sheet-13-R011,sheet-13-R012,sheet-13-R013,sheet-13-R014,sheet-13-R015,sheet-13-R016,sheet-13-R017,sheet-13-R018,sheet-13-R019,sheet-13-R020,sheet-13-R021,sheet-13-R022,sheet-13-R023,sheet-13-R024,sheet-13-R025,sheet-13-R026,sheet-13-R027,sheet-13-R028,sheet-13-R029,sheet-13-R030,sheet-13-R031,sheet-13-R032,sheet-13-R033,sheet-13-R034,sheet-13-R035,sheet-13-R036,sheet-13-R037,sheet-13-R038,sheet-13-R039,sheet-13-R040,sheet-13-R041,sheet-13-R042,sheet-13-R043,sheet-13-R044,sheet-13-R045,sheet-13-R047,sheet-13-R048,sheet-13-R049,sheet-13-R050,sheet-13-R051,sheet-13-R052		規定サイズを超過している画像ファイルが見つかりました
sheet-13-R047	0416	sheet-13	S3画像サイズチェック処理	機能仕様	72	1442	sheet-13-B040			sheet-13-R007,sheet-13-R008,sheet-13-R009,sheet-13-R010,sheet-13-R011,sheet-13-R012,sheet-13-R013,sheet-13-R014,sheet-13-R015,sheet-13-R016,sheet-13-R017,sheet-13-R018,sheet-13-R019,sheet-13-R020,sheet-13-R021,sheet-13-R022,sheet-13-R023,sheet-13-R024,sheet-13-R025,sheet-13-R026,sheet-13-R027,sheet-13-R028,sheet-13-R029,sheet-13-R030,sheet-13-R031,sheet-13-R032,sheet-13-R033,sheet-13-R034,sheet-13-R035,sheet-13-R036,sheet-13-R037,sheet-13-R038,sheet-13-R039,sheet-13-R040,sheet-13-R041,sheet-13-R042,sheet-13-R043,sheet-13-R044,sheet-13-R045,sheet-13-R046,sheet-13-R048,sheet-13-R049,sheet-13-R050,sheet-13-R051,sheet-13-R052		https://files.hareruyamtg.com//img/goods/L/xxxxxxx.png 312 kb
sheet-13-R048	0416	sheet-13	S3画像サイズチェック処理	機能仕様	73	1443	sheet-13-B040			sheet-13-R007,sheet-13-R008,sheet-13-R009,sheet-13-R010,sheet-13-R011,sheet-13-R012,sheet-13-R013,sheet-13-R014,sheet-13-R015,sheet-13-R016,sheet-13-R017,sheet-13-R018,sheet-13-R019,sheet-13-R020,sheet-13-R021,sheet-13-R022,sheet-13-R023,sheet-13-R024,sheet-13-R025,sheet-13-R026,sheet-13-R027,sheet-13-R028,sheet-13-R029,sheet-13-R030,sheet-13-R031,sheet-13-R032,sheet-13-R033,sheet-13-R034,sheet-13-R035,sheet-13-R036,sheet-13-R037,sheet-13-R038,sheet-13-R039,sheet-13-R040,sheet-13-R041,sheet-13-R042,sheet-13-R043,sheet-13-R044,sheet-13-R045,sheet-13-R046,sheet-13-R047,sheet-13-R049,sheet-13-R050,sheet-13-R051,sheet-13-R052		https://files.hareruyamtg.com//img/goods/M/xxxxxxx.png 332 kb
sheet-13-R049	0416	sheet-13	S3画像サイズチェック処理	機能仕様	74	1444	sheet-13-B040			sheet-13-R007,sheet-13-R008,sheet-13-R009,sheet-13-R010,sheet-13-R011,sheet-13-R012,sheet-13-R013,sheet-13-R014,sheet-13-R015,sheet-13-R016,sheet-13-R017,sheet-13-R018,sheet-13-R019,sheet-13-R020,sheet-13-R021,sheet-13-R022,sheet-13-R023,sheet-13-R024,sheet-13-R025,sheet-13-R026,sheet-13-R027,sheet-13-R028,sheet-13-R029,sheet-13-R030,sheet-13-R031,sheet-13-R032,sheet-13-R033,sheet-13-R034,sheet-13-R035,sheet-13-R036,sheet-13-R037,sheet-13-R038,sheet-13-R039,sheet-13-R040,sheet-13-R041,sheet-13-R042,sheet-13-R043,sheet-13-R044,sheet-13-R045,sheet-13-R046,sheet-13-R047,sheet-13-R048,sheet-13-R050,sheet-13-R051,sheet-13-R052		。
sheet-13-R050	0416	sheet-13	S3画像サイズチェック処理	機能仕様	75	1445	sheet-13-B040			sheet-13-R007,sheet-13-R008,sheet-13-R009,sheet-13-R010,sheet-13-R011,sheet-13-R012,sheet-13-R013,sheet-13-R014,sheet-13-R015,sheet-13-R016,sheet-13-R017,sheet-13-R018,sheet-13-R019,sheet-13-R020,sheet-13-R021,sheet-13-R022,sheet-13-R023,sheet-13-R024,sheet-13-R025,sheet-13-R026,sheet-13-R027,sheet-13-R028,sheet-13-R029,sheet-13-R030,sheet-13-R031,sheet-13-R032,sheet-13-R033,sheet-13-R034,sheet-13-R035,sheet-13-R036,sheet-13-R037,sheet-13-R038,sheet-13-R039,sheet-13-R040,sheet-13-R041,sheet-13-R042,sheet-13-R043,sheet-13-R044,sheet-13-R045,sheet-13-R046,sheet-13-R047,sheet-13-R048,sheet-13-R049,sheet-13-R051,sheet-13-R052		。
sheet-13-R051	0416	sheet-13	S3画像サイズチェック処理	機能仕様	76	1446	sheet-13-B040			sheet-13-R007,sheet-13-R008,sheet-13-R009,sheet-13-R010,sheet-13-R011,sheet-13-R012,sheet-13-R013,sheet-13-R014,sheet-13-R015,sheet-13-R016,sheet-13-R017,sheet-13-R018,sheet-13-R019,sheet-13-R020,sheet-13-R021,sheet-13-R022,sheet-13-R023,sheet-13-R024,sheet-13-R025,sheet-13-R026,sheet-13-R027,sheet-13-R028,sheet-13-R029,sheet-13-R030,sheet-13-R031,sheet-13-R032,sheet-13-R033,sheet-13-R034,sheet-13-R035,sheet-13-R036,sheet-13-R037,sheet-13-R038,sheet-13-R039,sheet-13-R040,sheet-13-R041,sheet-13-R042,sheet-13-R043,sheet-13-R044,sheet-13-R045,sheet-13-R046,sheet-13-R047,sheet-13-R048,sheet-13-R049,sheet-13-R050,sheet-13-R052		。
sheet-13-R052	0416	sheet-13	S3画像サイズチェック処理	機能仕様	77	1447	sheet-13-B040			sheet-13-R007,sheet-13-R008,sheet-13-R009,sheet-13-R010,sheet-13-R011,sheet-13-R012,sheet-13-R013,sheet-13-R014,sheet-13-R015,sheet-13-R016,sheet-13-R017,sheet-13-R018,sheet-13-R019,sheet-13-R020,sheet-13-R021,sheet-13-R022,sheet-13-R023,sheet-13-R024,sheet-13-R025,sheet-13-R026,sheet-13-R027,sheet-13-R028,sheet-13-R029,sheet-13-R030,sheet-13-R031,sheet-13-R032,sheet-13-R033,sheet-13-R034,sheet-13-R035,sheet-13-R036,sheet-13-R037,sheet-13-R038,sheet-13-R039,sheet-13-R040,sheet-13-R041,sheet-13-R042,sheet-13-R043,sheet-13-R044,sheet-13-R045,sheet-13-R046,sheet-13-R047,sheet-13-R048,sheet-13-R049,sheet-13-R050,sheet-13-R051		エラーハンドリング
sheet-14-R001	0416	sheet-14	データベースデッドロック感知	処理概要	23	1472	sheet-14-B041					処理内容
sheet-14-R002	0416	sheet-14	データベースデッドロック感知	機能仕様	26	1475	sheet-14-B042			sheet-14-R003,sheet-14-R004,sheet-14-R005,sheet-14-R006,sheet-14-R007,sheet-14-R008,sheet-14-R009		データベース内でデッドロックを感知した場合、管理者メールアドレスに通知を行う
sheet-14-R003	0416	sheet-14	データベースデッドロック感知	機能仕様	27	1476	sheet-14-B042			sheet-14-R002,sheet-14-R004,sheet-14-R005,sheet-14-R006,sheet-14-R007,sheet-14-R008,sheet-14-R009		機能
sheet-14-R004	0416	sheet-14	データベースデッドロック感知	機能仕様	28	1477	sheet-14-B042			sheet-14-R002,sheet-14-R003,sheet-14-R005,sheet-14-R006,sheet-14-R007,sheet-14-R008,sheet-14-R009		注文テーブルでデッドロック発生時、管理者メールアドレスにデッドロック発生通知および詳細情報を送信する
sheet-14-R005	0416	sheet-14	データベースデッドロック感知	機能仕様	29	1478	sheet-14-B042			sheet-14-R002,sheet-14-R003,sheet-14-R004,sheet-14-R006,sheet-14-R007,sheet-14-R008,sheet-14-R009		※デッドロック
sheet-14-R006	0416	sheet-14	データベースデッドロック感知	機能仕様	30	1479	sheet-14-B042			sheet-14-R002,sheet-14-R003,sheet-14-R004,sheet-14-R005,sheet-14-R007,sheet-14-R008,sheet-14-R009		デッドロックとは、複数のものが互いに相手が持っているものを待っている状態のことです。
sheet-14-R007	0416	sheet-14	データベースデッドロック感知	機能仕様	31	1480	sheet-14-B042			sheet-14-R002,sheet-14-R003,sheet-14-R004,sheet-14-R005,sheet-14-R006,sheet-14-R008,sheet-14-R009		この状態になると、誰も先に進むことができず、全体が停止してしまいます。
sheet-14-R008	0416	sheet-14	データベースデッドロック感知	機能仕様	32	1481	sheet-14-B042			sheet-14-R002,sheet-14-R003,sheet-14-R004,sheet-14-R005,sheet-14-R006,sheet-14-R007,sheet-14-R009		実行環境
sheet-14-R009	0416	sheet-14	データベースデッドロック感知	機能仕様	33	1482	sheet-14-B042			sheet-14-R002,sheet-14-R003,sheet-14-R004,sheet-14-R005,sheet-14-R006,sheet-14-R007,sheet-14-R008		バッチ処理用EC2インスタンス
sheet-14-R010	0416	sheet-14	データベースデッドロック感知	機能仕様	35	1484	sheet-14-B043			sheet-14-R011,sheet-14-R012,sheet-14-R013,sheet-14-R014,sheet-14-R015,sheet-14-R016,sheet-14-R017,sheet-14-R018,sheet-14-R019,sheet-14-R020		機能仕様処理内容
sheet-14-R011	0416	sheet-14	データベースデッドロック感知	機能仕様	36	1485	sheet-14-B043			sheet-14-R010,sheet-14-R012,sheet-14-R013,sheet-14-R014,sheet-14-R015,sheet-14-R016,sheet-14-R017,sheet-14-R018,sheet-14-R019,sheet-14-R020		・本店データベース内へ現時点でデッドロックが発生しているかの問合せを行う
sheet-14-R012	0416	sheet-14	データベースデッドロック感知	機能仕様	37	1486	sheet-14-B043			sheet-14-R010,sheet-14-R011,sheet-14-R013,sheet-14-R014,sheet-14-R015,sheet-14-R016,sheet-14-R017,sheet-14-R018,sheet-14-R019,sheet-14-R020		・問合せ結果が「デッドロックが発生している」と判断した場合、晴れる屋管理者宛に通知を行う
sheet-14-R013	0416	sheet-14	データベースデッドロック感知	機能仕様	38	1487	sheet-14-B043			sheet-14-R010,sheet-14-R011,sheet-14-R012,sheet-14-R014,sheet-14-R015,sheet-14-R016,sheet-14-R017,sheet-14-R018,sheet-14-R019,sheet-14-R020		※このバッチではデッドロック解除処理は含まれておらず、手動で解除する必要がある
sheet-14-R014	0416	sheet-14	データベースデッドロック感知	機能仕様	39	1488	sheet-14-B043			sheet-14-R010,sheet-14-R011,sheet-14-R012,sheet-14-R013,sheet-14-R015,sheet-14-R016,sheet-14-R017,sheet-14-R018,sheet-14-R019,sheet-14-R020		実行トリガー　スケジュール起動(Step Functions)　実行タイミング　5分毎
sheet-14-R015	0416	sheet-14	データベースデッドロック感知	機能仕様	40	1489	sheet-14-B043			sheet-14-R010,sheet-14-R011,sheet-14-R012,sheet-14-R013,sheet-14-R014,sheet-14-R016,sheet-14-R017,sheet-14-R018,sheet-14-R019,sheet-14-R020		入力データ元　DB　出力先(フォーマット)　メール
sheet-14-R016	0416	sheet-14	データベースデッドロック感知	機能仕様	41	1490	sheet-14-B043			sheet-14-R010,sheet-14-R011,sheet-14-R012,sheet-14-R013,sheet-14-R014,sheet-14-R015,sheet-14-R017,sheet-14-R018,sheet-14-R019,sheet-14-R020		入力データ詳細
sheet-14-R017	0416	sheet-14	データベースデッドロック感知	機能仕様	42	1491	sheet-14-B043			sheet-14-R010,sheet-14-R011,sheet-14-R012,sheet-14-R013,sheet-14-R014,sheet-14-R015,sheet-14-R016,sheet-14-R018,sheet-14-R019,sheet-14-R020		入力データ検索条件
sheet-14-R018	0416	sheet-14	データベースデッドロック感知	機能仕様	43	1492	sheet-14-B043			sheet-14-R010,sheet-14-R011,sheet-14-R012,sheet-14-R013,sheet-14-R014,sheet-14-R015,sheet-14-R016,sheet-14-R017,sheet-14-R019,sheet-14-R020		項目名　条件　備考
sheet-14-R019	0416	sheet-14	データベースデッドロック感知	機能仕様	44	1493	sheet-14-B043			sheet-14-R010,sheet-14-R011,sheet-14-R012,sheet-14-R013,sheet-14-R014,sheet-14-R015,sheet-14-R016,sheet-14-R017,sheet-14-R018,sheet-14-R020		実行結果詳細  ※主にDBの登録・更新結果について記載
sheet-14-R020	0416	sheet-14	データベースデッドロック感知	機能仕様	45	1494	sheet-14-B043			sheet-14-R010,sheet-14-R011,sheet-14-R012,sheet-14-R013,sheet-14-R014,sheet-14-R015,sheet-14-R016,sheet-14-R017,sheet-14-R018,sheet-14-R019		エラーハンドリング
